0 0.8159929913600387 0.6041787439613526 0.14438402513443316 0.20139291465378423
0 0.35956135580931664 0.5071095008051529 0.12056673312790765 0.16965378421900157
0 0.2509938976496888 0.36143317230273747 0.16351277868406744 0.18295491143317222
0 0.22027974140535314 0.44879629629629625 0.1456830402996798 0.19613526570048298
0 0.3270618089541417 0.12135265700483092 0.1372122530360703 0.1768599033816425
0 0.45035345296356716 0.554219001610306 0.14641411395081863 0.20809178743961343
0 0.7224336898072624 0.6642028985507246 0.13997341550359496 0.19551529790660227
0 0.5909612712222826 0.22342995169082125 0.1400580025376111 0.18364734299516905
0 0.7187571747930639 0.4980636070853462 0.14971300827744546 0.18253623188405804
0 0.5893027611624675 0.8257447665056361 0.14576762733369594 0.18426731078905
0 0.5828378949912393 0.44173510466988725 0.1541054921152801 0.2013687600644122
0 0.6262854208204942 0.3638526570048309 0.1520935290918978 0.18171497584541055
0 0.7296447344571325 0.27196054750402576 0.15586973596761522 0.20371980676328502
0 0.36954262582321307 0.9175543478260869 0.13379856202042176 0.16489130434782615
0 0.3421726783880128 0.8124074074074074 0.14724790042897706 0.1952254428341385
0 0.47637000785451034 0.9171779388083736 0.14255332004108506 0.1656441223832528
0 0.44042656032868105 0.7496537842190018 0.13326687209232077 0.1785909822866346
0 0.3101866956679355 0.6669484702093398 0.15092743640867623 0.18914653784219002
0 0.5725333816687813 0.9354790660225443 0.11811975107244273 0.12904186795491143
0 0.7375777898616397 0.845623993558776 0.13218536644311527 0.1741545893719806
0 0.3892332789559544 0.07141706924315619 0.1372243368980726 0.07104669887278584
0 0.36363965923509156 0.36178743961352655 0.12096550057398346 0.17617552334943634
0 0.7737417678690109 0.41009661835748795 0.14325418403721824 0.182914653784219
0 0.7462237931242826 0.1323148148148148 0.15965802670533513 0.11991143317230274
0 0.25855235333212495 0.20677133655394525 0.13741163675910822 0.1801207729468599
0 0.4772914023321853 0.29908615136876 0.14684913298290125 0.18870370370370373
0 0.4834662558153586 0.08866747181964572 0.13495861277264226 0.08699677938808374
0 0.6124554407588666 0.11778985507246374 0.13845084889130577 0.1176086956521739
0 0.4918192254244456 0.19214975845410628 0.15180955833484389 0.19032206119162637
0 0.3778261132257869 0.2558937198067633 0.13819104585825628 0.20611916264090183
0 0.6049996979034499 0.6849235104669886 0.14508488913056614 0.1863526570048308
0 0.4872303788290738 0.43513285024154585 0.12607697420095454 0.16701288244766513
0 0.5891094193704308 0.5509299516908213 0.12338227297444262 0.1494444444444445
0 0.5006827382031298 0.6352657004830918 0.12526131351579955 0.16692431561996768