0 0.6323843744241754 0.6752007538511963 0.1395368834838155 0.19931170108161275
0 0.2748971193415638 0.5997377908882334 0.1408512990602543 0.19047853162897402
0 0.5357011240095817 0.7937602425434285 0.1402370861740679 0.19600131104555887
0 0.737623610343345 0.6352958046542119 0.14055033474602294 0.18273516879711563
0 0.40811375222652174 0.7897328744673878 0.14962840120385726 0.18171910848902012
0 0.47410478471838335 0.4257538511963291 0.15909342177998906 0.19065880039331373
0 0.7990817517351514 0.2812315634218289 0.13540323075978133 0.1782612258275975
0 0.5289632086481174 0.09209685349065881 0.1526871813770653 0.17511471648639793
0 0.18615564154535963 0.7167158308751228 0.1284257723727044 0.16934611602753202
0 0.5045390332289171 0.30432645034414946 0.13044039063939564 0.1572025565388397
0 0.46003316749585405 0.9130367092756474 0.153688348381549 0.17392658144870518
0 0.41564093114673545 0.4893600458865946 0.12821079786253908 0.1638151425762046
0 0.7100638781401634 0.8214888561127499 0.15629261101897912 0.20390036053752872
0 0.18141391806400098 0.2944936086529007 0.14352312511516488 0.17391838741396257
0 0.26928935569068235 0.2638233366109472 0.14918616792580314 0.19166666666666665
0 0.18488114980652293 0.440048344804982 0.15141576070265955 0.18505408062930187
0 0.3236809778269148 0.4010283513602098 0.13688962594435228 0.17385283513602087
0 0.37889564523063696 0.2289413307112422 0.14525520545421045 0.19715666994428058
0 0.17402493704317917 0.5699688626679776 0.1303114059332965 0.15388397246804322
0 0.9210859283827776 0.5889708292363159 0.11990663964129988 0.18474270730907888
0 0.27704993550764695 0.8111234021632252 0.13265769915852835 0.17159947558177646
0 0.8949020330446532 0.3662815470337594 0.1624531662674285 0.19179777122255007
0 0.6168140777593514 0.31816207800721075 0.1354155150175051 0.157251720747296
0 0.6064246667895092 0.8735824319895117 0.13989312695780368 0.18715175352343497
0 0.8454118297401879 0.8499385447394296 0.14764449358147538 0.21597836774827933
0 0.7286530311405932 0.18315306456899377 0.13793378785086907 0.17939200262209115
0 0.6724617652478349 0.4764052769583743 0.14421104354769348 0.19161750245821035
0 0.9126312880044223 0.7211283185840708 0.12572323567348445 0.16379056047197632
0 0.8778914071617222 0.4944813176007866 0.15481850009213202 0.1872992461488037
0 0.8458079970517782 0.6690101606030809 0.1423806891468584 0.18717633562766325
0 0.7552423069836006 0.5021222549983613 0.14612738775259493 0.1982710586692887
0 0.6987869295497819 0.34331776466732217 0.15783428536330688 0.17958865945591615
0 0.38449726675265644 0.6290396591281547 0.14246667895092435 0.18938872500819423
0 0.5685338738406732 0.4825712881022615 0.12825379276457236 0.1649213372664701
0 0.4858454640378355 0.6145485086856769 0.11485780971684782 0.16147164863979022
0 0.5692862846262515 0.6126065224516553 0.15454824642220982 0.20167158308751232