0 0.9411651234567903 0.8389135802469136 0.11766975308641955 0.20701234567901236
0 0.9203333333333334 0.6807037037037037 0.13595679012345652 0.18022222222222228
0 0.3351358024691358 0.904888888888889 0.13164814814814813 0.15441975308641961
0 0.7111574074074074 0.7664567901234568 0.13440123456790123 0.20012345679012342
0 0.1583827160493827 0.6747283950617284 0.13594444444444445 0.17800000000000005
0 0.15919444444444444 0.44571604938271603 0.1368703703703704 0.194716049382716
0 0.469358024691358 0.8319135802469135 0.12937037037037044 0.19427160493827159
0 0.11083333333333334 0.5936296296296296 0.15010493827160493 0.17772839506172836
0 0.1900216049382716 0.2927283950617284 0.13839506172839505 0.16925925925925916
0 0.3537901234567901 0.13630864197530865 0.13945679012345674 0.21041975308641978
0 0.43912345679012343 0.1912716049382716 0.14767901234567907 0.19091358024691354
0 0.5581296296296295 0.08841975308641976 0.1468580246913579 0.17683950617283953
0 0.331429012345679 0.31269135802469133 0.1242716049382716 0.17619753086419754
0 0.323537037037037 0.6927283950617283 0.12498765432098764 0.15513580246913586
0 0.46698148148148144 0.3291111111111111 0.12008641975308648 0.17261728395061735
0 0.5705895061728394 0.29740740740740734 0.1277222222222224 0.19750617283950608
0 0.7673827160493827 0.45858024691358024 0.1385679012345679 0.20037037037037042
0 0.7355895061728395 0.5877283950617284 0.1310432098765432 0.19548148148148156
0 0.37775925925925924 0.7745432098765432 0.13104938271604938 0.19659259259259265
0 0.23887962962962964 0.6093827160493828 0.12258024691358022 0.17165432098765424
0 0.6679382716049382 0.33943209876543207 0.15015432098765435 0.18661728395061725
0 0.28766975308641973 0.46366666666666667 0.12173456790123453 0.16938271604938274
0 0.6224228395061728 0.6244444444444445 0.1335679012345679 0.20007407407407402
0 0.6294475308641975 0.46341975308641975 0.13109259259259262 0.20437037037037042
0 0.5248703703703703 0.4707283950617284 0.11755555555555551 0.16691358024691352
0 0.42431790123456786 0.45223456790123456 0.13520370370370377 0.19461728395061728
0 0.5193487654320987 0.6022098765432098 0.14767901234567907 0.19091358024691343
0 0.4436327160493827 0.6278148148148148 0.11921604938271609 0.16590123456790126
0 0.34827777777777774 0.5695555555555556 0.13268518518518516 0.1911358024691357
0 0.5285061728395061 0.7500493827160494 0.1318827160493826 0.19664197530864183
0 0.14006172839506173 0.9031111111111111 0.13258024691358025 0.17224691358024705
0 0.6157067901234567 0.1658024691358025 0.13274074074074066 0.20113580246913582
0 0.766425925925926 0.286358024691358 0.126820987654321 0.18523456790123458
0 0.843388888888889 0.6352469135802469 0.13691358024691358 0.2024938271604939
0 0.24454320987654324 0.8035555555555556 0.11932098765432102 0.18479012345679013
0 0.888246913580247 0.4569753086419753 0.14516666666666653 0.1885432098765432
0 0.8687067901234569 0.24083950617283947 0.142783950617284 0.20950617283950615
0 0.7368703703703704 0.14306172839506173 0.12846296296296297 0.1808888888888889
0 0.8381141975308641 0.8111728395061728 0.13366666666666674 0.2178518518518518
0 0.6131419753086419 0.8295061728395061 0.13017283950617298 0.18876543209876545
0 0.06882716049382716 0.459962962962963 0.1334074074074074 0.1711851851851851
0 0.06123765432098764 0.744395061728395 0.11517901234567901 0.18898765432098774
0 0.2216604938271605 0.1358024691358025 0.1526666666666667 0.18898765432098766
0 0.07692283950617285 0.266641975308642 0.13443827160493826 0.20679012345679015
0 0.9062746913580247 0.3258641975308642 0.15269135802469122 0.19343209876543205
0 0.8758580246913581 0.10259259259259258 0.15427777777777768 0.17908641975308642
0 0.11571604938271605 0.12207407407407408 0.11845679012345679 0.17918518518518517
0 0.7442376543209875 0.8689753086419754 0.13096913580246905 0.18214814814814823
0 0.9381003086419752 0.5522716049382717 0.12379938271604943 0.19083950617283943