0 0.07681076981418279 0.4765291487387159 0.1504929844520288 0.1891757361005652
0 0.6419605612438377 0.8061503416856491 0.13534319302237394 0.2000337467307854
0 0.8700417140690178 0.7654264743103012 0.13924914675767902 0.23001771703366233
0 0.7724118316268487 0.08867164430945752 0.13350398179749717 0.17734328861891505
0 0.9071293136139552 0.17475744537247956 0.15460750853242305 0.2316881802075424
0 0.9370781190747061 0.6268244326330886 0.10445582100872222 0.1864422509069435
0 0.9205441789912779 0.39214966675103347 0.14560106181266605 0.20228634101071463
0 0.2618505877891544 0.8213448072218004 0.12950322335987868 0.20735678731122928
0 0.8773037542662117 0.5850080148485616 0.1423966628744784 0.2144436007761748
0 0.802227910504361 0.23448494052138702 0.1318733409177096 0.19624567620011812
0 0.6506920743268866 0.12818273854720325 0.13811149032992046 0.2128406310638657
0 0.1572715206674251 0.912870159453303 0.13623435722411834 0.15124441069771374
0 0.5605707243079256 0.7325782502320087 0.14827455441789916 0.20939846452374913
0 0.36957717102768295 0.5663334177001603 0.1379408418657565 0.2025900615877837
0 0.4675388699279484 0.6165021513540876 0.12387182404247263 0.17604825782502334
0 0.5447478194918468 0.5830928878764869 0.15328024270003787 0.20312157259765465
0 0.447098976109215 0.43739137771028436 0.14050056882821393 0.2028684721167638
0 0.549971558589306 0.4483717202396018 0.12218430034129678 0.1770016029697123
0 0.6571577550246492 0.43046064287522146 0.13646188850967014 0.21607188053657303
0 0.6505783086841107 0.5954568463680081 0.13894577171027683 0.21179448240951654
0 0.3069871065604854 0.46343119885261114 0.12648843382631775 0.1797435248460305
0 0.6959518392112248 0.30004640175483 0.15576412590064476 0.19884417447059818
0 0.2579446340538491 0.6211085801063022 0.1274744027303754 0.18780899350375424
0 0.40062571103526734 0.7732810259006159 0.1363291619264316 0.20809921538850937
0 0.7663632916192642 0.5470513793976208 0.13631020098596883 0.2069602632245
0 0.7984262419416003 0.41168480553446385 0.1440652256351915 0.21235130346747647
0 0.6068828213879408 0.2528895638235046 0.1329351535836177 0.20886695351387838
0 0.4905479711793705 0.30874462161478106 0.12483883200606752 0.18297477431873782
0 0.3410693970420933 0.6927866362946089 0.12203261281759577 0.1678899856576394
0 0.34327834660599166 0.3042984898337973 0.1290860826697003 0.18229983970302882
0 0.583001516875237 0.0764658736184932 0.15246492226014408 0.1529317472369864
0 0.4394671975729996 0.17957900953345146 0.1448805460750853 0.21016620264911834
0 0.3364998103905954 0.10596684383700329 0.14859689040576413 0.21193368767400658
0 0.227550246492226 0.27254703450603224 0.14615092908608268 0.1841559098962288
0 0.12664960182025028 0.6035560617565173 0.15291998483124764 0.18148148148148152
0 0.4947667804323094 0.8227284231840041 0.13458475540386805 0.20563570404117124
0 0.1708001516875237 0.43276807559267694 0.14330678801668564 0.2179532607778621
0 0.11387940841865757 0.7567198177676538 0.14469093667045885 0.19877668100902735
0 0.7419510807736063 0.7344511937906014 0.1380925293894577 0.21170167889985658
0 0.35686386044747814 0.8951404707668945 0.13610163064087985 0.1432717455496497