0 0.524609375 0.5104166666666666 0.1078125 0.14791666666666667
0 0.46953125 0.6453125 0.109375 0.153125
0 0.333984375 0.31145833333333334 0.1078125 0.13958333333333334
0 0.334765625 0.6671875 0.11328125 0.15104166666666666
0 0.488671875 0.8208333333333333 0.13125 0.19270833333333334
0 0.422265625 0.7697916666666667 0.12734375 0.175
0 0.327734375 0.8578125 0.13046875 0.19166666666666668
0 0.228515625 0.7104166666666667 0.12890625 0.15104166666666666
0 0.1375 0.428125 0.1359375 0.165625
0 0.475 0.17395833333333333 0.11796875 0.171875
0 0.31484375 0.0953125 0.12421875 0.16666666666666666
0 0.17734375 0.5703125 0.12578125 0.18229166666666666
0 0.126171875 0.28020833333333334 0.12734375 0.16458333333333333
0 0.71796875 0.23541666666666666 0.13046875 0.18333333333333332
0 0.72265625 0.396875 0.12109375 0.17708333333333334
0 0.763671875 0.5104166666666666 0.1234375 0.18020833333333333
0 0.57578125 0.6885416666666667 0.115625 0.17291666666666666
0 0.388671875 0.23072916666666668 0.11953125 0.17395833333333333
0 0.257421875 0.3859375 0.11171875 0.16041666666666668
0 0.68046875 0.609375 0.140625 0.16354166666666667
0 0.301953125 0.5260416666666666 0.11171875 0.15
0 0.61484375 0.36770833333333336 0.11953125 0.17708333333333334
0 0.625 0.5135416666666667 0.125 0.18125
0 0.430078125 0.5328125 0.1234375 0.16875
0 0.5203125 0.3875 0.13515625 0.16770833333333332
0 0.449609375 0.36614583333333334 0.109375 0.146875
0 0.359765625 0.4239583333333333 0.12109375 0.16875
0 0.53515625 0.2484375 0.13046875 0.17395833333333333
0 0.1671875 0.11770833333333333 0.12109375 0.15104166666666666
0 0.6265625 0.7880208333333333 0.13125 0.18333333333333332