0 0.2956768947334985 0.6986778540554284 0.13842830823962898 0.1851004322400204
0 0.5299059780191856 0.914136791253496 0.16339495584778618 0.17172641749300796
0 0.17343243758338098 0.7373124841088227 0.14570230607966458 0.17762522247648116
0 0.08816148910488533 0.42015425036020004 0.1638714185883997 0.19711839986439528
0 0.46580585731529134 0.16200949232985848 0.14544819261800396 0.20382235782693447
0 0.7576551680325265 0.7202983303669803 0.14150943396226415 0.1944317315026698
0 0.8448796137475382 0.3587931180608526 0.1536115875738519 0.21236545469955084
0 0.23286322342926113 0.19413509619459277 0.13385426592973768 0.19504195270785663
0 0.8860777587192682 0.5471353504534282 0.16056794358681148 0.1991694211373846
0 0.9185566355377676 0.31105602169675395 0.13690362746966514 0.18841427239596573
0 0.8616828663998475 0.7694168997372658 0.1665713741185439 0.23035850495804747
0 0.7221745759481608 0.8786422578184593 0.14297058636681279 0.1899737265869988
0 0.8437361031700654 0.17781591660310198 0.1510704529572455 0.2281464530892449
0 0.614287529381869 0.16251801000084753 0.1451305507909281 0.1981015340283075
0 0.05588907947398512 0.5699932197643869 0.11177815894797025 0.1926180184761421
0 0.05353852995362429 0.2562929061784897 0.10707705990724858 0.19908466819221968
0 0.16506257543993394 0.8647978642257818 0.1694936789276412 0.2214424951267055
0 0.06033606505304618 0.7165268243071448 0.12067213010609236 0.21873887617594728
0 0.5240296042182834 0.24528773624883468 0.14814814814814825 0.20628866853123146
0 0.3310304300870339 0.43408339689804226 0.14868813925417704 0.20062717179421977
0 0.4317228892700591 0.3727095516569201 0.13363191665078455 0.17565047885414015
0 0.5091163204370751 0.39758877871006015 0.16412553205006042 0.2016950589032969
0 0.4048980369735086 0.5534748707517586 0.15145162314973637 0.20423764725824228
0 0.3934152849247189 0.8145520806848039 0.16530080681024079 0.20747520976353945
0 0.29559748427672955 0.892353165522502 0.15907502699955534 0.21529366895499602
0 0.5097674861825805 0.5331638274430036 0.1319801791499905 0.17667598949063493
0 0.6174957118353345 0.5388931265361471 0.1477352137729497 0.21423849478769397
0 0.6163522012578617 0.3734214763963048 0.15005399911060296 0.20983981693363843
0 0.26424623594434915 0.5437452326468345 0.13639540054634397 0.17926095431816252
0 0.6525951337272091 0.6665141113653699 0.16558668445460883 0.19723705398762617
0 0.21960167714884696 0.3942156114924994 0.1365224572771743 0.18154928383761332
0 0.36906803887935963 0.22193406220866177 0.14729051521504352 0.2062293414696161
0 0.7318626516739725 0.409551656920078 0.14722698684962843 0.20508517670989063
0 0.7597833682739343 0.5424188490550047 0.15526332507464577 0.2113399440630562
0 0.5603360650530462 0.7233028222730741 0.14392351184804011 0.2071361979828798
0 0.12870846833110985 0.10078820239003305 0.14500349406009783 0.16503941011950166
0 0.600930690553332 0.8449868632934994 0.14925989454291333 0.2109246546317484
0 0.13780890667683118 0.5803669802525637 0.1497363572835271 0.20411899313501142
0 0.1388888888888889 0.3283329095686075 0.150498697668509 0.18707517586236116
0 0.7128994345975477 0.2238960928892279 0.14919636617749832 0.20978048987202305
0 0.32998221205768374 0.09633443512162047 0.14398704021345532 0.14673277396389525
0 0.444777968362874 0.6802779896601406 0.1340130868432756 0.18251546741249253
0 0.31051076805793787 0.30747097211628105 0.13807890222984562 0.1634206288668531