0 0.312890625 0.13125 0.11875 0.16145833333333334
0 0.421484375 0.08489583333333334 0.134375 0.16875
0 0.173828125 0.5635416666666667 0.12578125 0.165625
0 0.22890625 0.7151041666666667 0.12890625 0.15729166666666666
0 0.337890625 0.31666666666666665 0.1140625 0.14895833333333333
0 0.14921875 0.2708333333333333 0.12421875 0.16770833333333332
0 0.340234375 0.6666666666666666 0.1125 0.14895833333333333
0 0.328515625 0.8625 0.12890625 0.19166666666666668
0 0.427734375 0.7744791666666667 0.1328125 0.178125
0 0.68515625 0.7135416666666666 0.12265625 0.184375
0 0.137890625 0.42864583333333334 0.134375 0.1625
0 0.43828125 0.3984375 0.10859375 0.15104166666666666
0 0.477734375 0.6473958333333333 0.11015625 0.15
0 0.6328125 0.5265625 0.121875 0.17708333333333334
0 0.7671875 0.5130208333333334 0.13515625 0.18541666666666667
0 0.72109375 0.40520833333333334 0.128125 0.18645833333333334
0 0.607421875 0.3697916666666667 0.1171875 0.18020833333333333
0 0.521875 0.5140625 0.1109375 0.14375
0 0.516796875 0.39895833333333336 0.13125 0.17916666666666667
0 0.268359375 0.3828125 0.12421875 0.15416666666666667
0 0.306640625 0.5270833333333333 0.11640625 0.146875