0 0.3595574387947269 0.44627534774593597 0.15464532328939112 0.21721132897603487
0 0.5329723791588198 0.362166918049271 0.17250470809792853 0.21975029327970502
0 0.4421374764595103 0.5394167923579688 0.159730069052103 0.21761354114295298
0 0.5442404268675455 0.4936106921401039 0.13769617074701823 0.18546170604994142
0 0.6531073446327684 0.4703578012401542 0.16029504080351548 0.22779453661806612
0 0.30006277463904585 0.1423872967990615 0.15564971751412426 0.20490196078431372
0 0.4024325172630258 0.0722347913524384 0.15772128060263652 0.1444695827048768
0 0.16883239171374764 0.6370579855873973 0.17310106716886375 0.2152924417630299
0 0.23027306967984934 0.784242500418971 0.1655053358443189 0.20005027652086474
0 0.49664155681104827 0.14260516172280877 0.15599497802887619 0.22632813809284397
0 0.24723791588198368 0.4253142282554047 0.14582548650345264 0.19511479805597456
0 0.12101381042059009 0.5028741411094352 0.17812303829252984 0.21456343221049098
0 0.3411330822347771 0.8847201273671862 0.16613308223477719 0.18095357801240164
0 0.3429378531073446 0.7077551533433887 0.14485247959824227 0.19278531925590747
0 0.12507846829880728 0.3307985587397352 0.16359070935342118 0.2111613876319758
0 0.3027620841180163 0.5650829562594268 0.1456999372253609 0.19285235461706055
0 0.38268989328311365 0.22707809619574323 0.15725047080979282 0.21854365677895088
0 0.52338355304457 0.831447963800905 0.16117388575015695 0.2436316406904643
0 0.7153013182674199 0.5583542818836936 0.17727558066541121 0.21449639684933794
0 0.8045982423101067 0.4240237975532093 0.16603892027620856 0.224870118987766
0 0.7543157564344005 0.31143371878666 0.1612052730696798 0.22899279369867606
0 0.6361895794099184 0.3190883190883191 0.15618330194601382 0.22972180325121497
0 0.4417451349654739 0.7973604826546004 0.16337099811676087 0.22240656946539303
0 0.32705586942875076 0.3249581028992794 0.14143126177024484 0.17674710910005037
0 0.45602636534839924 0.3575540472599296 0.14231010671688632 0.19258421317244842
0 0.6146892655367231 0.6761228422993129 0.15671688637790346 0.22413273001508283
0 0.4955430006277464 0.64894419306184 0.14557438794726935 0.19058991117814653