0 0.21033315028372687 0.2314041514041514 0.13719568002928792 0.1811314611314611
0 0.5222862895844774 0.65012617012617 0.14878272011715177 0.18488400488400497
0 0.5158154859967051 0.5090801790801791 0.12117883946549532 0.15853479853479852
0 0.5296540362438221 0.37492877492877497 0.1388614314479224 0.18229548229548231
0 0.41855207761303315 0.509076109076109 0.1383122826285923 0.19874643874643874
0 0.39878272011715177 0.41089133089133095 0.12039172615778877 0.16070004070004065
0 0.44072853743364454 0.28167684167684165 0.13880651656598925 0.17899877899877903
0 0.5188266520226982 0.195018315018315 0.12291781072670689 0.16409442409442407
0 0.6005674537799744 0.7229059829059828 0.1351455244371224 0.20630850630850645
0 0.4062145341387516 0.13954008954008953 0.13117334797730182 0.16551892551892552
0 0.28907193849533225 0.33165649165649164 0.14288852278967604 0.17696377696377688
0 0.4315577521508328 0.7950142450142451 0.15037525169320895 0.1816524216524218
0 0.5259472817133443 0.8451648351648352 0.14792238696686802 0.18265364265364273
0 0.6670602233205198 0.5828245828245828 0.14695222405271835 0.17382987382987386
0 0.6213069741900055 0.43398453398453396 0.12535237049240355 0.16199430199430198
0 0.3503660992128867 0.2506105006105006 0.11458905363353467 0.1582743182743183
0 0.6315852095917994 0.23454619454619455 0.12462017206662997 0.16745624745624743
0 0.7605161998901703 0.4532234432234432 0.15760571114772098 0.17095645095645096
0 0.7163829397766794 0.3521530321530322 0.14389529562511438 0.1879853479853479
0 0.7820977484898408 0.21485144485144486 0.1571480871316127 0.1929019129019129
0 0.6616144975288304 0.08871387871387872 0.12498627127951677 0.17742775742775743
0 0.43562145341387515 0.03446479446479447 0.13318689364817865 0.06892958892958893
0 0.24998169503935566 0.48385022385022386 0.14852645066813108 0.16949938949938959
0 0.5467508694856306 0.05274318274318274 0.1478674720849349 0.10548636548636547
0 0.3109646714259564 0.04381562881562881 0.13501738971261207 0.08763125763125762
0 0.17429983525535422 0.3691819291819292 0.09436207212154493 0.17943833943833945
0 0.40676368295808163 0.6425966625966626 0.1453596924766612 0.17706145706145704