0 0.04688724560738213 0.9052307432717456 0.09377449121476426 0.18915042605247598
0 0.061714701049172045 0.7548004724542311 0.12342940209834409 0.1893782164852781
0 0.6447699405890532 0.8922846536741752 0.15305903172797358 0.17452965493967793
0 0.25855454430539754 0.8073188222390957 0.1586272279105043 0.20987091875474562
0 0.8267064846416383 0.6218552265249304 0.15723675894324357 0.18709187547456338
0 0.8264536721021364 0.3885134565089007 0.16083933763114647 0.20420146798278918
0 0.5067816963721401 0.8338901543912933 0.15316015674377445 0.20412553783852183
0 0.8761408165845027 0.5314435164093478 0.17181140184553167 0.18837425124441068
0 0.7955979016559221 0.23742934278241792 0.16016306408797887 0.1791529570572851
0 0.6280337504740235 0.10771534632582469 0.16529515863986846 0.21543069265164938
0 0.5401750726836051 0.1750738209735932 0.17086967513588683 0.2008858516831182
0 0.41793388952092025 0.09168986754408168 0.16925167488307416 0.18337973508816335
0 0.6501074453292883 0.280983717202396 0.14515231955505 0.18469585758879611
0 0.6567595752749336 0.667927950729773 0.14468461635697122 0.16306420315531908
0 0.510833017317659 0.3204927022694677 0.14074706105422827 0.18237576984729603
0 0.4043325748957148 0.3050409179110774 0.1515927189988624 0.2063865688011473
0 0.20167488307420048 0.5028262887032818 0.16289343951459995 0.20991310216822748
0 0.2340601693844015 0.6288534548215642 0.15493616483377567 0.20528136336792369
0 0.6012135001896094 0.7606766219522484 0.15500568828213868 0.2064203155319328
0 0.7442579951965618 0.5686028853454822 0.1432372645683226 0.1812621277313759
0 0.30437049677664013 0.3640808234202312 0.17322083175325498 0.19749430523917993
0 0.6948584249778789 0.4279465114317051 0.1430982176715966 0.17898422340335782
0 0.3501643281506763 0.6476250738209735 0.1577739855896852 0.2098624820720491
0 0.34346795601061814 0.4849194296802497 0.15634559474149914 0.21440141736269308
0 0.45110605486032107 0.47474900868978315 0.13862343572241187 0.17552518349784862
0 0.5543357350524587 0.4390112207879862 0.15913285298950824 0.20418459461739644
0 0.4561970673745418 0.6078756432970557 0.17086967513588683 0.20088585168311815
0 0.5338263177853622 0.621336370539104 0.1403299203640501 0.17554205686324137
0 0.6322367589432436 0.5458069686999072 0.1563645556819617 0.20074242807728
0 0.44645430413348497 0.7604994516156247 0.15585893060295797 0.2064287522146293
0 0.8444507647579321 0.8550240445456846 0.15382378965996713 0.1870581287437779
0 0.3583301731765896 0.17857926263393234 0.15699026671722918 0.21099299755336198
0 0.20306535204146126 0.32638150679152955 0.14912147642523074 0.1938412216316545
0 0.12294589811654658 0.6959714840124863 0.16132600176968778 0.21217413313085282
0 0.7380293262545822 0.7684299333502067 0.14151181898622162 0.19490424365139625
0 0.08092529389457717 0.5211254534716949 0.16185058778915434 0.19858263730701095
0 0.09867905448110227 0.29724964144098537 0.16863860447478196 0.2202142917404877
0 0.23403488813045129 0.17525520965156502 0.15054986727341677 0.1893022863410107
0 0.12824232081911263 0.8746266767906858 0.1605928454051321 0.2281025900615879
0 0.3592339780053091 0.8552687083438791 0.15281253950195928 0.19843077701847628
0 0.9112469978510934 0.3893824348266262 0.13968524838832017 0.17895047667257233
0 0.9102262672228542 0.6785117691723614 0.1075211730501831 0.1968446806715599
0 0.7630008848438882 0.09113726482746984 0.17536341802553412 0.18227452965493968
0 0.9074895714827456 0.19249978908293258 0.15044242194412835 0.21548131274782753
0 0.07414833775755278 0.38983379735088164 0.14829667551510556 0.2043617649540201
0 0.09148021741878397 0.15674512781574287 0.17614713689799016 0.18955538682190162
0 0.8711951712804955 0.0722981523664895 0.13815573252433325 0.144596304732979
0 0.22542030084692205 0.9100902725048512 0.15312855517633678 0.17566860710368704
0 0.05001422070534699 0.6263351050366995 0.10002844141069397 0.19947692567282543