0 0.118359375 0.165625 0.1234375 0.15520833333333334
0 0.269921875 0.5796875 0.13359375 0.15833333333333333
0 0.518359375 0.26614583333333336 0.13203125 0.17291666666666666
0 0.351953125 0.7036458333333333 0.11875 0.15208333333333332
0 0.481640625 0.7052083333333333 0.11171875 0.15
0 0.684765625 0.3328125 0.11953125 0.16458333333333333
0 0.382421875 0.13385416666666666 0.109375 0.15729166666666666
0 0.48984375 0.428125 0.11875 0.16145833333333334
0 0.6375 0.0890625 0.11796875 0.16041666666666668
0 0.273046875 0.2916666666666667 0.1171875 0.159375
0 0.39140625 0.31875 0.1234375 0.16354166666666667
0 0.52265625 0.5583333333333333 0.12578125 0.16354166666666667
0 0.23203125 0.43020833333333336 0.115625 0.16979166666666667
0 0.737109375 0.4171875 0.12890625 0.17604166666666668
0 0.83515625 0.5505208333333333 0.14765625 0.17916666666666667
0 0.07890625 0.35052083333333334 0.125 0.15208333333333332
0 0.40234375 0.5713541666666667 0.12890625 0.16875
0 0.862890625 0.39010416666666664 0.14375 0.18541666666666667
0 0.3578125 0.47552083333333334 0.11171875 0.14791666666666667
0 0.578125 0.7260416666666667 0.12265625 0.17395833333333333
0 0.6421875 0.6072916666666667 0.13046875 0.16145833333333334
0 0.481640625 0.17135416666666667 0.1140625 0.16979166666666667
0 0.173828125 0.5651041666666666 0.12734375 0.16354166666666667