0 0.2055198858569645 0.7478745340629709 0.13660305570417924 0.18390038861130942
0 0.24605552583080673 0.390538504243001 0.13578265263658526 0.18063288127527957
0 0.24008976874145413 0.11078991196764217 0.15580524344569288 0.1745261321278452
0 0.7373461744248261 0.22920136410500436 0.130152785208965 0.1781029423427711
0 0.6528000713393972 0.10134427789674041 0.154717317638666 0.12307875327147275
0 0.3300487485880744 0.05761360932667142 0.12390464300576666 0.06422396700769292
0 0.4974615064502705 0.08310730430644779 0.1329647464478925 0.10659053057339994
0 0.2916295107306343 0.8683480053929732 0.1405623922477855 0.17454199381394256
0 0.3668271803103264 0.10724879054643507 0.14452767374115685 0.16625426282813863
0 0.6248201652696035 0.19145055119359192 0.13335116818262888 0.17618367832500592
0 0.7225521669341893 0.3822943928939646 0.14463468283693007 0.18552621143627568
0 0.2303816657749242 0.9532278531207867 0.12177040604006897 0.09354429375842659
0 0.31000237797990604 0.4928899992069157 0.14229831757921646 0.19820762947101275
0 0.45574579394804116 0.733610912840035 0.1374056239224778 0.18395590451264965
0 0.4057220141489804 0.6102823380125308 0.1196540039236668 0.16560393369815207
0 0.41761785862909456 0.5131770957252756 0.13751263301825103 0.20322785312078684
0 0.5350335889661733 0.6368863510191133 0.13742345877177325 0.18716789594733915
0 0.5118512573568753 0.5073875802997859 0.1204446822424351 0.1635181219763661
0 0.5082961773973009 0.37282496629391704 0.1470304975922954 0.1835514315171703
0 0.39281255573390406 0.38035530176857796 0.1438380595683966 0.1865413593464986
0 0.537613697164259 0.8125862479181537 0.12207954342785801 0.16898247283686255
0 0.5946703525355211 0.3242168292489492 0.13432019499435224 0.20621778095011503
0 0.43566672611616436 0.8740304544373066 0.12368467986445512 0.16909350463954326
0 0.3051007668985197 0.6937584265207392 0.1414125200642055 0.18316282020778815
0 0.4100558825277926 0.23492346736458083 0.14060400689614166 0.18203664049488463
0 0.5004904583556269 0.1951582203188199 0.1438737292669877 0.19296534221587755
0 0.6410260983294691 0.4371242763105718 0.14219130848344333 0.1789356808628757
0 0.6189703347006718 0.5827583472123087 0.12447535818322332 0.16700769291775713
0 0.37050115926520416 0.7689190260924736 0.11402413649604666 0.1630739947656436
0 0.6440639676594733 0.7675073360298201 0.12289400154568693 0.1711793163613291
0 0.7872064681053446 0.4675707827742089 0.13911182450508305 0.20226822111190423
0 0.7176059687295643 0.647374890950908 0.14227453778015584 0.19392497422476007
0 0.7913322632423756 0.7771591720199857 0.15513940907199344 0.19909588389245772
0 0.6837851495154866 0.9086723768736618 0.12381546875928907 0.18265524625267657
0 0.4567445455085905 0.9678761202315806 0.12971880387610718 0.06424775953683864
0 0.2563075917008501 0.5753311126972798 0.13978954877831284 0.17983979697041794
0 0.5781760894120445 0.9434174002696487 0.14688781879793125 0.11316519946070254
0 0.3888383568158849 0.9494289793004996 0.13230485702395822 0.10114204139900075
0 0.2814606741573034 0.2650923943215164 0.14383211461863152 0.1854706955349353