0 0.3954437574167759 0.8840324594257178 0.13046655424395728 0.1553974198918018
0 0.8307101367809632 0.5066708281315023 0.14029104990319163 0.18112359550561802
0 0.25751358441071764 0.8833166874739908 0.1292049216163887 0.17431543903454016
0 0.5957935169570919 0.4985518102372035 0.12712510149272388 0.1942655014565126
0 0.6993285865967148 0.4194964627548897 0.13721816251327223 0.19424053266749897
0 0.3331303478858285 0.8493258426966294 0.13436387483605025 0.17935913441531412
0 0.7359253013553183 0.8352933832709114 0.14195240771969256 0.1801831044527673
0 0.47548872650053087 0.764373699542239 0.13617512959840106 0.18516021639617128
0 0.5004653051027419 0.8894423637120266 0.13140341015551807 0.12187265917602999
0 0.30232027980763226 0.6839783603828546 0.13847979514084063 0.1753225135247606
0 0.37658797077009554 0.7106616729088638 0.14227718443570037 0.19478984602580127
0 0.5922022359627757 0.6222388680815648 0.134438823308975 0.18272992093216806
0 0.7742926737867716 0.7364128173116937 0.13696833427018915 0.1830045776113192
0 0.18188432952345263 0.7665501456512693 0.1470613952907376 0.18297960882230532
0 0.37879582786834054 0.5546192259675405 0.1527887077634127 0.1757553058676654
0 0.651986134532509 0.7328797336662506 0.1045781025544938 0.16379525593008745
0 0.7251920554618699 0.5046774864752394 0.12972331522078562 0.15980024968789008
0 0.47514521266629195 0.5906741573033708 0.13012304040971834 0.17777777777777773
0 0.5674442570732621 0.7521473158551809 0.13019798888264308 0.18114856429463166
0 0.2893073511960527 0.49372034956304617 0.1155642995440635 0.1661090303786933
0 0.19529386047092626 0.5795880149812733 0.12908625320092437 0.20680815647107786
0 0.6106114546249454 0.8724386183936745 0.12741240397226905 0.13152725759467337
0 0.7317188183124103 0.6272659176029962 0.14267066391855593 0.17465667915106106
0 0.8314315158328649 0.2661631294215564 0.13865467491099862 0.1831876820640866
0 0.8011023671226032 0.11701622971285892 0.15019049403535067 0.210220557636288
0 0.6642932983573793 0.16045359966708284 0.13337705327587288 0.21063670411985017
0 0.57619449128724 0.09524136496046608 0.14981575167072644 0.19048272992093215
0 0.7207857098244957 0.30563878485226803 0.1341889950658923 0.1714939658759884
0 0.5903722440821936 0.3640740740740741 0.12932983573793005 0.17993341656263004
0 0.5546905252638811 0.26650853100291305 0.13620011242270935 0.18628381190178944
0 0.49963774904752983 0.18898044111527257 0.1315907813378302 0.20595921764461092
0 0.36862157266879025 0.14211818560133166 0.13330210480294793 0.20726591760299626
0 0.3966897757791519 0.24163129421556387 0.1316657298107551 0.20933000416146486
0 0.25082131034913496 0.10615064502704953 0.14265192680032482 0.21164377861007075
0 0.17987008931359688 0.19511860174781523 0.13107238773343327 0.22047440699126086
0 0.2570919992505153 0.27808572617561383 0.15390668915120853 0.18820640865584692
0 0.22202548248079443 0.43657511444028296 0.1546749109986884 0.18492717436537662
0 0.3573730560239835 0.38320848938826463 0.14329523452626325 0.20274656679151062
0 0.47079507838361123 0.42693716188098213 0.14110923739928805 0.18009155222638368