0 0.9028006589785832 0.8242775742775743 0.14250411861614498 0.18835978835978834
0 0.7137561779242174 0.14845339845339844 0.13838550247116968 0.18595848595848596
0 0.42792421746293247 0.7337810337810338 0.13179571663920922 0.18343508343508336
0 0.6569192751235585 0.28630443630443625 0.13673805601317957 0.18367928367928368
0 0.4691103789126853 0.3022995522995523 0.12932454695222406 0.18001628001627998
0 0.24505766062602966 0.7198005698005697 0.1326194398682043 0.18237688237688246
0 0.5877265238879736 0.8878306878306877 0.13756177924217464 0.18921448921448925
0 0.44275123558484347 0.529019129019129 0.1326194398682043 0.18457468457468468
0 0.3640856672158155 0.9287342287342287 0.13673805601317957 0.14253154253154252
0 0.729818780889621 0.7058404558404558 0.13591433278418452 0.1913308913308913
0 0.5564250411861614 0.6527676027676027 0.12685337726523888 0.1787952787952788
0 0.349670510708402 0.42881562881562885 0.1301482701812191 0.17895807895807894
0 0.7681219110378913 0.4874033374033374 0.13179571663920922 0.18233618233618226
0 0.1630971993410214 0.53992673992674 0.1400329489291598 0.19043549043549043
0 0.20634266886326194 0.912108262108262 0.1441515650741351 0.1757834757834759
0 0.9036243822075782 0.5699226699226698 0.14332784184514002 0.185103785103785
0 0.22322899505766064 0.30773300773300777 0.13591433278418452 0.1891330891330891
0 0.09225700164744646 0.7292836792836793 0.14662273476112025 0.1918599918599919
0 0.6235584843492586 0.4791615791615792 0.12932454695222406 0.18111518111518107
0 0.3772652388797364 0.1922669922669923 0.13344316309719934 0.1879120879120879
0 0.057660626029654036 0.3687830687830688 0.11532125205930807 0.19470899470899475
0 0.5556013179571664 0.09668294668294668 0.13591433278418452 0.1451770451770452
0 0.836490939044481 0.2215506715506716 0.1457990115321252 0.1907203907203907