0 0.5531858129315756 0.09588151499916206 0.13939108600125552 0.14358136416959946
0 0.19908976773383552 0.24149488855371207 0.1434400502197112 0.19800569800569803
0 0.1643126177024482 0.39383274677392327 0.10495919648462021 0.21417797888386128
0 0.6737602008788449 0.12393162393162395 0.16123666038920265 0.1683844477962125
0 0.3510514752040176 0.3005488520194403 0.14127432517263025 0.18095357801240164
0 0.5335373509102324 0.20762108262108261 0.14739485247959838 0.21853527735880673
0 0.601067168863779 0.28175800234623766 0.14067796610169492 0.18996145466733708
0 0.7206214689265537 0.3465728171610525 0.14149403640929073 0.1888721300486006
0 0.6388575015693659 0.46430367018602314 0.13973634651600755 0.18652589240824538
0 0.8036880100439423 0.24306602983073572 0.1725674827369742 0.21074241662476959
0 0.3924827369742624 0.4589198927434222 0.1350596359070935 0.170479302832244
0 0.6534682988072819 0.6870496061672532 0.15866290018832388 0.22812971342383115
0 0.4904896421845575 0.7039131892073068 0.1610483364720652 0.19209820680408912
0 0.4396264908976773 0.9178607340372047 0.1669491525423729 0.1642785319255907
0 0.3687539234149404 0.8553502597620244 0.1693345888261142 0.21623093681917224
0 0.3570778405524168 0.6797595106418636 0.16189579409918387 0.19214010390480965
0 0.5148148148148148 0.5612535612535613 0.13349026993094806 0.17492039550863073
0 0.3959196484620214 0.5797301826713592 0.16333961079723783 0.2136752136752137