0 0.8225366876310273 0.2289855072463768 0.13632551934438744 0.18687176879396564
0 0.8561590750269995 0.3853589287227731 0.10327806365542233 0.2061106873463853
0 0.4552792071659997 0.08176964149504196 0.1541261673337146 0.1635392829900839
0 0.33895559367257483 0.1586405627595559 0.14845308430214088 0.2033307907449784
0 0.6813544247506512 0.28216374269005845 0.13933676386506577 0.18014238494787696
0 0.6937742201893145 0.05013560471226375 0.15084175084175075 0.1002712094245275
0 0.39505114033415917 0.3169929655055513 0.1391970014611524 0.17785405542842614
0 0.23303792643415286 0.3176625137723536 0.17682485229655043 0.2055936943808797
0 0.3196080299853885 0.4541656072548521 0.16688266310907812 0.21090770404271553
0 0.40756940473921605 0.8245868293923213 0.17026237214916456 0.19620306805661503
0 0.5634140143574106 0.052661242478176114 0.14569595324312298 0.10532248495635223
0 0.6292929292929292 0.43618950758538855 0.14056286131757842 0.17220103398593095
0 0.43125913220252843 0.5157004830917874 0.13984499078838697 0.1744554623273159
0 0.5527730131503716 0.7316806509026188 0.16418906041547543 0.19482159505042812
0 0.5806969061686043 0.9003220611916264 0.16830569849437782 0.1641664547843038
0 0.6652753954640747 0.8493813035002966 0.17246680642907056 0.20428002373082474
0 0.6773013150371641 0.6803076531909484 0.16634267200304934 0.1880583100262736
0 0.5466742900705165 0.5684846173404525 0.1347690743917159 0.17539622001864566
0 0.6401403976875676 0.5504534282566319 0.1676005336382695 0.2086532757013307
0 0.6170605425322406 0.1866429358420205 0.145460898291087 0.1963640986524282
0 0.5043358109395845 0.2553267226036105 0.13868877453783124 0.1835409780489872