0 0.555327868852459 0.4296336818218657 0.12377049180327869 0.1829159575330254
0 0.5540983606557377 0.724916930059162 0.13278688524590163 0.19037199124726478
0 0.48975409836065575 0.5894521436096928 0.12459016393442623 0.17971472566658572
0 0.590983606557377 0.6016492422400519 0.1418032786885246 0.212051219709863
0 0.3864754098360656 0.5983872274900721 0.14262295081967213 0.2230731825917822
0 0.48360655737704916 0.4564591944241835 0.1557377049180328 0.21233487316638308
0 0.6540983606557377 0.4842572331631413 0.14098360655737704 0.20868790015398334
0 0.6700819672131147 0.3638463408704109 0.13114754098360656 0.17708080071318597
0 0.6065573770491803 0.28316719345165736 0.14426229508196722 0.2177648107626226
0 0.4459016393442623 0.7886173920090769 0.1360655737704918 0.22023664802658238
0 0.3815573770491803 0.44472809790096446 0.13934426229508196 0.2216549153091823
0 0.26967213114754096 0.475788151389902 0.14508196721311475 0.22222222222222218
0 0.24180327868852458 0.5988532295972121 0.1418032786885246 0.2229921387470621
0 0.33852459016393444 0.699226031282924 0.16065573770491803 0.20844476861982328
0 0.5487704918032786 0.8967298808655483 0.14098360655737704 0.20654023826890353
0 0.49098360655737705 0.23344679471594135 0.14016393442622951 0.2283005105762217
0 0.7225409836065574 0.5867574357727531 0.130327868852459 0.18247021638706545
0 0.8188524590163935 0.7795404814004376 0.1483606557377049 0.1984763757192641
0 0.6204918032786885 0.8540197746981117 0.14754098360655737 0.22137126185266245
0 0.7299180327868853 0.9111658157062971 0.15163934426229508 0.1776683685874058
0 0.7004098360655737 0.738836210389821 0.13278688524590163 0.18927789934354486
0 0.7549180327868853 0.4351446632628252 0.13442622950819672 0.19709863035902422
0 0.8602459016393442 0.3055150336331956 0.13852459016393442 0.20844476861982328
0 0.8594262295081967 0.6210795040116704 0.1483606557377049 0.22582867331226192
0 0.8864754098360655 0.46948699246292247 0.15655737704918032 0.20913364129994327
0 0.5680327868852459 0.12946754194018964 0.14918032786885246 0.16135829483750708
0 0.6737704918032786 0.17712132263554584 0.13688524590163934 0.20718858902666343