0 0.8657500000000001 0.837082304526749 0.1691296296296294 0.23053497942386836
0 0.5557222222222222 0.04522633744855967 0.14311111111111113 0.052197530864197525
0 0.7246944444444444 0.05522633744855967 0.13772222222222222 0.05863374485596708
0 0.8967037037037038 0.9336090534979424 0.14046296296296304 0.09974485596707837
0 0.2524351851851852 0.4017160493827161 0.16462962962962963 0.2004362139917695
0 0.17817592592592593 0.23532510288065844 0.17909259259259258 0.20544032921810704
0 0.2655 0.7784609053497942 0.153037037037037 0.20108641975308628
0 0.27199999999999996 0.2650740740740741 0.17348148148148151 0.20854320987654318
0 0.48385185185185187 0.9397242798353909 0.1489629629629629 0.12055144032921816
0 0.6526296296296297 0.9249032921810699 0.16383333333333325 0.15019341563786004
0 0.28961111111111115 0.5915761316872429 0.16879629629629628 0.20060082304526733
0 0.5493888888888889 0.9616131687242798 0.13955555555555557 0.07677366255144029
0 0.7595925925925926 0.896104938271605 0.15188888888888888 0.20779012345678993
0 0.8300277777777777 0.6627942386831276 0.18233333333333349 0.21665020576131686
0 0.7664351851851852 0.5566666666666666 0.1695185185185187 0.2239012345679013
0 0.8153333333333334 0.38627572016460904 0.17111111111111105 0.2228559670781893
0 0.7066111111111112 0.7127736625514404 0.15403703703703703 0.19115226337448551
0 0.4309814814814815 0.7672674897119343 0.13812962962962957 0.18941563786008223
0 0.6582407407407408 0.5357695473251028 0.1510925925925926 0.18438683127572011
0 0.653037037037037 0.39537860082304527 0.17031481481481478 0.19844444444444448
0 0.4819907407407408 0.15479423868312756 0.17468518518518522 0.21413168724279835
0 0.3960277777777778 0.21179423868312755 0.16977777777777778 0.2028559670781893
0 0.3562592592592592 0.7061358024691357 0.17061111111111113 0.20288888888888879
0 0.5146944444444445 0.8697572016460905 0.15131481481481482 0.18772016460905358
0 0.5962129629629629 0.27234156378600827 0.1671666666666666 0.2260246913580247
0 0.6081944444444445 0.7886748971193415 0.14964814814814814 0.18765432098765436
0 0.39962037037037035 0.3654197530864198 0.17340740740740737 0.2074320987654321
0 0.5157685185185185 0.3373168724279835 0.1765185185185186 0.20423045267489706
0 0.5387407407407406 0.4761934156378601 0.14677777777777767 0.18199999999999994
0 0.5794537037037037 0.6069053497942387 0.17014814814814827 0.20841152263374474
0 0.4438518518518519 0.4990411522633745 0.1695185185185185 0.22390123456790118
0 0.4457037037037037 0.6016213991769548 0.14601851851851846 0.18307818930041145
0 0.5143148148148148 0.7206913580246914 0.1665185185185184 0.20383539094650208
0 0.3332314814814815 0.5040905349794239 0.17068518518518516 0.20400000000000001
0 0.31710185185185186 0.9664156378600823 0.14246296296296293 0.06716872427983542
0 0.7373981481481481 0.3205843621399177 0.17416666666666666 0.20635390946502058
0 0.6083148148148148 0.13595884773662553 0.16100000000000003 0.19586008230452673
0 0.3368333333333334 0.10306995884773662 0.1657592592592592 0.15504526748971195
0 0.3706851851851852 0.8851234567901234 0.1603333333333334 0.18586008230452686
0 0.4615277777777777 0.05979012345679012 0.14472222222222209 0.08883127572016461
0 0.6230092592592592 0.0633991769547325 0.16268518518518515 0.084
0 0.7211666666666667 0.15814814814814815 0.15857407407407398 0.19687242798353907
0 0.20879629629629629 0.12737860082304528 0.17779629629629634 0.16106172839506175