0 0.103125 0.7166666666666667 0.12265625 0.18333333333333332
0 0.349609375 0.0921875 0.12109375 0.17083333333333334
0 0.7015625 0.22708333333333333 0.12265625 0.17708333333333334
0 0.182421875 0.33177083333333335 0.12421875 0.15625
0 0.181640625 0.5463541666666667 0.125 0.171875
0 0.475 0.17395833333333333 0.11796875 0.171875
0 0.137109375 0.409375 0.1375 0.15520833333333334
0 0.209375 0.6885416666666667 0.12734375 0.14791666666666667
0 0.36171875 0.8296875 0.12734375 0.18645833333333334
0 0.4421875 0.775 0.13515625 0.16770833333333332
0 0.553125 0.875 0.134375 0.16979166666666667
0 0.3421875 0.6651041666666667 0.11328125 0.15520833333333334
0 0.3375 0.309375 0.11484375 0.13541666666666666
0 0.46953125 0.6453125 0.109375 0.153125
0 0.56640625 0.6713541666666667 0.11640625 0.175
0 0.751953125 0.5135416666666667 0.1265625 0.17708333333333334
0 0.723046875 0.39375 0.11953125 0.17291666666666666
0 0.388671875 0.23072916666666668 0.11953125 0.17395833333333333
0 0.257421875 0.39010416666666664 0.11171875 0.15208333333333332
0 0.6578125 0.6286458333333333 0.1375 0.16354166666666667
0 0.301953125 0.525 0.11171875 0.15
0 0.6171875 0.36302083333333335 0.121875 0.17708333333333334
0 0.62265625 0.5135416666666667 0.11953125 0.18125
0 0.524609375 0.5104166666666666 0.1078125 0.14791666666666667
0 0.430078125 0.53125 0.1234375 0.171875
0 0.5203125 0.3875 0.13515625 0.16770833333333332
0 0.449609375 0.36614583333333334 0.109375 0.146875
0 0.359765625 0.4239583333333333 0.12109375 0.16875
0 0.530078125 0.2484375 0.1203125 0.17395833333333333
0 0.1671875 0.115625 0.12109375 0.15625
0 0.6078125 0.7932291666666667 0.12109375 0.178125
0 0.75 0.675 0.115625 0.16354166666666667
0 0.824609375 0.3453125 0.125 0.17916666666666667
0 0.2640625 0.2078125 0.10859375 0.16458333333333333
0 0.865234375 0.5109375 0.1328125 0.165625
0 0.896875 0.3 0.12421875 0.15833333333333333
0 0.851953125 0.7125 0.1296875 0.18229166666666666
0 0.72109375 0.8104166666666667 0.1171875 0.159375
0 0.820703125 0.18072916666666666 0.121875 0.19375
0 0.609765625 0.17135416666666667 0.11875 0.16666666666666666
0 0.091796875 0.5359375 0.134375 0.15
0 0.084375 0.26927083333333335 0.1203125 0.16875
0 0.237890625 0.834375 0.13984375 0.165625
0 0.883203125 0.6333333333333333 0.14375 0.16979166666666667
0 0.851171875 0.8364583333333333 0.14140625 0.14375
0 0.13828125 0.8510416666666667 0.1078125 0.159375
0 0.733203125 0.11458333333333333 0.11953125 0.18958333333333333