0 0.1095959595959596 0.25258077226162334 0.143859649122807 0.2146178092986604
0 0.29696969696969694 0.9186958234830576 0.13985468722310823 0.16260835303388482
0 0.6664097111465532 0.8780929866036249 0.14284954811270592 0.20815602836879415
0 0.15127591706539073 0.6585500394011031 0.1421407052986 0.1868794326241133
0 0.17209817472975367 0.4418045705279748 0.14506468190678715 0.20307328605200947
0 0.4314371788055999 0.8826241134751774 0.13788764841396414 0.2023640661938534
0 0.11300726563884458 0.5704491725768321 0.15573276625908206 0.18928289992119798
0 0.21429204323941167 0.3040189125295508 0.14508240297713978 0.17974783293932228
0 0.38274853801169595 0.19472025216706068 0.14878610668084352 0.2193459416863672
0 0.45871876661350347 0.2678684003152088 0.15452773347510193 0.20082742316784874
0 0.5812954102427785 0.19085894405043344 0.1545986177565126 0.20295508274231677
0 0.34653553074605703 0.35711189913317576 0.13090554669502039 0.1836485421591804
0 0.30579479000531634 0.715445232466509 0.13102959418748894 0.16351457840819542
0 0.4733563707247918 0.40486603624901496 0.12684742158426365 0.18112687155240345
0 0.5743310295941875 0.39990149724192275 0.13636363636363635 0.20433412135539802
0 0.7464823675349992 0.5999605988967692 0.14683678894205202 0.20855003940110314
0 0.705050505050505 0.7148739164696611 0.1395179868864079 0.2035855003940111
0 0.34997341839447105 0.8062647754137117 0.13955342902711323 0.20464933018124515
0 0.23308523834839626 0.6164696611505123 0.12920432394116607 0.18029944838455458
0 0.6626351231614389 0.46306146572104023 0.1568137515505936 0.19787234042553192
0 0.2917065390749601 0.48991331757289197 0.1291334396597555 0.17817178881008672
0 0.5947811447811449 0.722655634357762 0.14205209994683668 0.20807722616233257
0 0.6154173312068049 0.5715327029156817 0.14059897217791956 0.21217494089834504
0 0.5156211235158604 0.5531323877068558 0.12503987240829362 0.17458628841607562
0 0.4222045011518696 0.5113475177304965 0.14346978557504866 0.2029156816390859
0 0.49911394648236757 0.6763790386130811 0.15452773347510193 0.20082742316784874
0 0.42530568846358324 0.682427107959023 0.12663476874003185 0.17474389282899908
0 0.3398901293638135 0.6046099290780143 0.14097111465532522 0.19948778565799838
0 0.49476342371079207 0.8189716312056737 0.14035087719298245 0.20472813238770673
0 0.11410597200070885 0.8736800630417652 0.13895091263512313 0.18656422379826643
0 0.6285397838029417 0.28571710007880224 0.141290093921673 0.20906225374310478
0 0.7607301080985293 0.43646572104018916 0.13437887648413968 0.19247438928289987
0 0.8030923267765373 0.7859338061465722 0.14531277689172423 0.21052009456264753
0 0.22130072656388447 0.8020882584712373 0.12723728513202195 0.1928289992119778
0 0.8607832713095871 0.6272655634357761 0.15206450469608362 0.1984633569739954
0 0.8714424951267056 0.847655634357762 0.1430090377458796 0.18908589440504325
0 0.867659046606415 0.420882584712372 0.15103668261563005 0.21532702915681637
0 0.7451089845826688 0.2929669030732861 0.13583200425305683 0.18837667454688736
0 0.7823763955342902 0.9194148936170212 0.14421407052986 0.16117021276595744
0 0.5679780258727627 0.9081363278171789 0.1377104377104377 0.18372734436564223
0 0.07999291157185895 0.4327029156816391 0.15233032075137337 0.18258471237194634
0 0.057779549884813035 0.700394011032309 0.11555909976962607 0.19940898345153654
0 0.25780613149034204 0.1626280535855004 0.15927698032961193 0.20023640661938535
0 0.8911749069643806 0.5075256107171001 0.16420343788764835 0.20496453900709216
0 0.879452418926103 0.29503546099290784 0.15853269537480078 0.1778959810874704
0 0.15868332447279815 0.12401497241922774 0.12622718412192097 0.18636721828211186
0 0.6873117136275031 0.9443853427895981 0.1398192450824031 0.11122931442080389