0 0.5752125075895569 0.325257314206986 0.13057680631451135 0.1938406678012805
0 0.3117182756527019 0.913169624766999 0.13363084395871283 0.15339168490153152
0 0.685203400121433 0.8132020423048869 0.13550698239222822 0.19607747791555238
0 0.14710078931390408 0.6686400842855985 0.13784456587735272 0.17421995299457027
0 0.1529993928354584 0.4180484642191425 0.14045537340619307 0.20159656374098398
0 0.44606253794778383 0.8527635951049517 0.13137826350941104 0.19056649647459292
0 0.10498785670916817 0.5771577923656699 0.15018822100789314 0.18309425399140927
0 0.21281117182756526 0.27413890914985006 0.14191256830601093 0.1687900153983305
0 0.32387370977534913 0.12589350838803792 0.1454280510018215 0.2114920171812951
0 0.41881602914389804 0.22396466488370206 0.1420522161505768 0.19395412918388846
0 0.5607437765634488 0.1262865710349299 0.14858530661809358 0.1896425966447848
0 0.32235276259866424 0.3261163789610179 0.12551305403764418 0.1675338358051706
0 0.3047085610200364 0.699355701434476 0.11970856102003646 0.15544209417294763
0 0.4623345476624165 0.3575532863279034 0.12224650880388585 0.1696896020747224
0 0.7520248937462052 0.5138706540238269 0.14124468731026102 0.1961342086068563
0 0.7160959319975714 0.6373044817246131 0.13302367941712195 0.19167679714725658
0 0.3583151183970856 0.7874422562606369 0.1338494231936855 0.19277899343544838
0 0.22814814814814813 0.612043115325391 0.12387978142076501 0.16861171893994648
0 0.658882817243473 0.38678985331064103 0.15182756527018829 0.18311046276035328
0 0.28138129933211903 0.47202771699489426 0.12386763812993319 0.16642353513250666
0 0.6036642380085003 0.663031850230975 0.13632665452337575 0.19608558230002426
0 0.6164238008500302 0.5053651025204635 0.13389192471159678 0.2004376367614879
0 0.5135761991499697 0.5025528811086798 0.11975713418336376 0.1641948294027068
0 0.4157923497267759 0.4734338277007861 0.13709775349119618 0.1873409514547371
0 0.5034365513054037 0.6312018802171976 0.14939283545840912 0.18746251722181706
0 0.4283394049787493 0.649448901855904 0.12139040680024284 0.16311694626793102
0 0.336909532483303 0.5830699408379932 0.13463873709775356 0.1873166383013212
0 0.5124559805707347 0.7782599886538617 0.14533090467516707 0.19398654672177662
0 0.12086217364905891 0.8920820163708566 0.1337158469945355 0.1687089715536103
0 0.6221432908318154 0.21320204230488696 0.13551305403764421 0.19717156981927217
0 0.7623952641165757 0.34364616257395253 0.12887067395264112 0.18178944809141748
0 0.8202792956891317 0.6948050895534484 0.13961748633879795 0.1983061836453521
0 0.22667577413479056 0.8035132506686117 0.12149362477231325 0.18171650863116953
0 0.8724863387978142 0.5181497690250426 0.1469338190649665 0.18743820406840103
0 0.893758348512447 0.7465921063295242 0.1378567091681846 0.17640813680200984
0 0.865060716454159 0.3054339897884755 0.1511839708561019 0.21483102358375888
0 0.7402944748026715 0.19070021881838076 0.13048573163327257 0.17742928924548182
0 0.8062082574377657 0.8672542345408867 0.1372434729811779 0.21359915714401498
0 0.586976320582878 0.863951697868547 0.13216757741347912 0.18510414134046524
0 0.06749544626593808 0.42984844801037364 0.13499089253187616 0.17969041251316958
0 0.053970856102003646 0.7286611556852257 0.10794171220400729 0.186003728016857