0 0.26773004652286875 0.15040660225442837 0.17081747326445532 0.20495169082125603
0 0.1243036674521177 0.2407608695652174 0.1554347169355326 0.2188808373590982
0 0.9261887499244758 0.5040458937198068 0.14762250015104844 0.20929951690821255
0 0.9100205425654039 0.28009259259259256 0.17103498278049664 0.19523349436392917
0 0.16381185426862424 0.11028985507246376 0.1358951120778201 0.1913768115942029
0 0.6450637423720621 0.9089754428341384 0.14866171228324562 0.18204911433172302
0 0.7716270920186091 0.9461594202898551 0.1483656576641896 0.10768115942028979
0 0.9476451573923026 0.7314855072463768 0.10470968521539485 0.20308373590982298
0 0.10915956739774033 0.42453703703703705 0.16241314724185849 0.18698067632850243
0 0.10401788411576339 0.6988848631239934 0.1349284031176364 0.20211755233494347
0 0.37123134553803394 0.9195571658615137 0.14713310373995525 0.16088566827697265
0 0.7422572654220289 0.8817954911433172 0.1542202888043019 0.21229468599033818
0 0.20043803999758322 0.6561996779388084 0.15295752522506195 0.1916425120772947
0 0.20353452963567156 0.4346940418679549 0.15558576521056128 0.2080756843800322
0 0.5038154794272248 0.8851409017713365 0.14817835780315378 0.2064090177133657
0 0.15430487583831792 0.5654790660225443 0.16689021811370913 0.19382447665056352
0 0.235136849737176 0.29440418679549113 0.15487281735242583 0.18314009661835753
0 0.39718446015346504 0.1833454106280193 0.16059452601051297 0.22361513687600645
0 0.48049060479729316 0.25807165861513687 0.16598997039453806 0.20565217391304352
0 0.5986798380762492 0.1797866344605475 0.16530723219140825 0.20776167471819645
0 0.37401063379856203 0.3486392914653785 0.14133889190985438 0.1874798711755234
0 0.36228324572533377 0.7144122383252818 0.14014258957162706 0.16791465378421905
0 0.5069089480998127 0.39807568438003216 0.13712766600205434 0.18498389694041872
0 0.6088846595371881 0.39314814814814814 0.14756208084103672 0.20960547504025764
0 0.7999939580689989 0.5980797101449276 0.15836505347108937 0.21370370370370373
0 0.7677783819708779 0.7150644122383253 0.15069180109963146 0.20768921095008058
0 0.41463355688478043 0.8072463768115943 0.15075826234064404 0.20877616747181946
0 0.28017038245423237 0.6127375201288244 0.1386925261313516 0.18402576489533
0 0.7037611020482146 0.4579710144927536 0.16742190804181006 0.20252012882447668
0 0.3291251283910338 0.4840942028985507 0.13855960364932635 0.18185185185185174
0 0.6562141260346807 0.7224798711755234 0.15340462811914674 0.21223027375201287
0 0.6646547036432843 0.5684621578099839 0.15122349102773253 0.21638486312399363
0 0.5620325055887861 0.5495410628019324 0.13434837774152628 0.17935587761674707
0 0.4632167240650112 0.5065821256038647 0.15395444384025136 0.20794685990338166
0 0.5551265784544741 0.6755555555555556 0.16598997039453806 0.20565217391304327
0 0.48078363845084887 0.6810426731078906 0.13591323787082346 0.1783977455716586
0 0.38783155096368804 0.6012278582930756 0.1512416168207359 0.20340579710144915
0 0.5628088937224337 0.8211111111111111 0.15157392302579922 0.2088405797101448
0 0.18055404507280526 0.8752979066022544 0.1496284212434294 0.19029790660225449
0 0.6545254063198598 0.27668276972624795 0.15265542867500453 0.21325281803542678
0 0.8011449459247175 0.43104669887278585 0.14519968581958814 0.19752012882447664
0 0.87331581173343 0.7883011272141707 0.1568666545828046 0.21574879227053156
0 0.28364449277989245 0.8023107890499195 0.13785873965319317 0.19694041867954915
0 0.9184535677602562 0.6263768115942029 0.16309286447948748 0.20328502415458952
0 0.9358150564920549 0.8510024154589372 0.1283698870158902 0.19381642512077296
0 0.90147423116428 0.4124677938808373 0.1637907075101203 0.22278582930756852
0 0.7731375747688962 0.2849677938808374 0.14574950154069238 0.19323671497584546
0 0.8657059996374842 0.9210587761674718 0.15596640686363367 0.15788244766505632