0 0.3617984934086629 0.7931121166415284 0.1699058380414312 0.20818669348081104
0 0.7394601381042059 0.3336685101390983 0.1679158819836786 0.2205044410926763
0 0.48933458882611425 0.7298055974526563 0.17025737602008792 0.21610524551701013
0 0.8527620841180164 0.20051952404893578 0.17080979284369105 0.2285486844310374
0 0.7694318895166353 0.08917797888386123 0.1696107972379159 0.17835595776772245
0 0.3333866917765223 0.6331070889894419 0.15465160075329562 0.20743254566783986
0 0.6573917137476459 0.7632604323780794 0.1527620841180162 0.22201273671861893
0 0.5548399246704332 0.5685436567789508 0.16841180163214053 0.21262778615719788
0 0.43082234777150025 0.8478297301826714 0.15475204017576902 0.20969498910675388
0 0.6831763967357187 0.6491117814647226 0.15958568738229756 0.20429026311379256
0 0.44339924670433145 0.5740531255237137 0.16467043314500943 0.20454164571811626
0 0.45800376647834273 0.4260306686777275 0.15620213433772748 0.22331154684095858
0 0.8025737602008789 0.5500879839115134 0.16372881355932206 0.2214261773085303
0 0.2255084745762712 0.6440841293782471 0.1683176396735718 0.2295542148483327
0 0.4294978028876334 0.24909921233450644 0.1699623352165725 0.22850678733031674
0 0.8994005021971124 0.49281464722641194 0.16263025737602013 0.21572817161052454
0 0.585850596359071 0.4033433886375063 0.15016949152542378 0.22075582369700017
0 0.537080979284369 0.2257206301323948 0.15340866290018842 0.21752974694151167
0 0.6762994350282485 0.4897352103234455 0.16437539234149412 0.2169431875314229
0 0.7079504080351539 0.1958270487682252 0.16313245448838673 0.22704038880509467
0 0.3209070935342122 0.4570764203117144 0.17115505335844325 0.21727836433718795
0 0.5454582548650345 0.8274886877828054 0.1529127432517263 0.2254064018769902
0 0.8266352793471438 0.3699932964638847 0.1694036409290646 0.19687447628624102