0 0.752947973268378 0.8187806908031627 0.14685528699019407 0.1890470245526425
0 0.5807725938417339 0.07677486475239283 0.1419961276622322 0.07298377028714106
0 0.7569015052151646 0.9215667915106117 0.1334207732184123 0.1568664169787765
0 0.4930454062831803 0.3800957136912193 0.14942851789394787 0.19711194340407823
0 0.4403129098744613 0.2303620474406991 0.13338954468802702 0.19247607157719512
0 0.26699456623571294 0.07335414065751145 0.14729248641558926 0.11607990012484394
0 0.7768440447192555 0.23782771535580524 0.14775466866529258 0.19922596754057423
0 0.6468802698145025 0.7036163129421557 0.12582599462869265 0.1963712026633374
0 0.7680500905627381 0.6817103620474406 0.15270126787833352 0.17940074906367023
0 0.689157454250203 0.15446525176862255 0.13423896071450891 0.1936662505201831
0 0.6436075198301168 0.3059925093632959 0.11981137967647239 0.17568039950062428
0 0.7022297170695146 0.3825634623387432 0.1468740241084254 0.19241781106949643
0 0.4402067328711511 0.5529671244277986 0.13175941540191116 0.2024552642530171
0 0.42315283242770596 0.6617811069496463 0.13181562675660477 0.2125676238035789
0 0.37961401536443695 0.8308905534748231 0.14363250265442512 0.2157469829379942
0 0.27272812441446503 0.7870411985018727 0.15287614764849167 0.21086142322097362
0 0.24032540128661542 0.9190178942987931 0.15436262569483486 0.1619642114024138
0 0.15857535444381987 0.8364794007490637 0.11157329336081442 0.20984602580108203
0 0.3103460121166698 0.6208364544319601 0.1367622259696459 0.19274240532667483
0 0.2017612891137343 0.6549771119434041 0.15195178314908495 0.19618809821057015
0 0.27007369933170944 0.5058094049105285 0.15192680032477673 0.19169371618809825
0 0.35901567672225343 0.43920516021639616 0.13844856661045535 0.19287557220141485
0 0.4077134470051839 0.32839367457344987 0.13155330710136792 0.16537661256762384
0 0.3186621697582912 0.1870328755722014 0.15625507463618765 0.21225135247607155
0 0.17024545624882892 0.33043695380774035 0.08865155205796015 0.1799583853516438
0 0.284251452126663 0.3832792342904702 0.13254012866154513 0.19128589263420734
0 0.2424895384423209 0.2327257594673325 0.15879707700955586 0.2146982937994174
0 0.3997033289613391 0.1001331668747399 0.12639435388170636 0.14699958385351644
0 0.5131721941165449 0.17372867249271745 0.1097308100680782 0.18162297128589264
0 0.7776903378926988 0.54083645443196 0.13839235525576157 0.18276321265085305
0 0.43671538317406783 0.9331543903454016 0.14424458184997818 0.13369121930919683
0 0.5305852226594217 0.9626591760299625 0.146486790331647 0.07468164794007494
0 0.818050090562738 0.4125052018310445 0.1308537880207357 0.19115272575946732
0 0.5500780713259634 0.6667457344985436 0.14614327649740805 0.21257594673325003
0 0.56738492286553 0.36067415730337077 0.13179688963837363 0.20919683728672497
0 0.6818593466991444 0.5568747399084477 0.1443757416775965 0.19783603828547655
0 0.5178065080257324 0.8575405742821474 0.14430703891074895 0.1854764877236788
0 0.46605146461807506 0.7595921764461091 0.1393604396977078 0.2053017062005826
0 0.6478951970520268 0.9474573449854349 0.1551370932483918 0.10508531002913034
0 0.599731434638686 0.1563961714523512 0.12500156142651925 0.19967540574282147
0 0.5558491037411779 0.5390553474823138 0.1367934545000314 0.19836038285476498
0 0.6386265692336519 0.8226799833541407 0.13601274124039725 0.2095297544735745