0 0.14990030813848104 0.8178341384863124 0.1495015406924053 0.19236714975845395
0 0.6284121805328983 0.4792673107890499 0.14729019394598514 0.18360708534621584
0 0.26061265180351634 0.7519122383252818 0.1477977161500816 0.19121578099838973
0 0.30235635309044767 0.506171497584541 0.14469820554649274 0.18133655394524958
0 0.6465107848468371 0.23858695652173914 0.14580387891970267 0.18571658615136877
0 0.716757295631684 0.6996296296296296 0.15194852274787013 0.19246376811594196
0 0.47423418524560446 0.4857125603864734 0.14817835780315378 0.1847262479871175
0 0.8010694217872032 0.41034219001610306 0.1543230016313216 0.19147342995169084
0 0.5594979155338046 0.8748752012882447 0.1526191770889976 0.19032206119162637
0 0.5475439550480333 0.6433615136876006 0.14284937466014147 0.1780112721417071
0 0.4149084647453326 0.3574959742351047 0.1439550480333514 0.18239130434782605
0 0.3918705818379554 0.9094867149758454 0.14654703643284392 0.18102657004830922
0 0.5269168026101142 0.11888888888888889 0.1529816929490666 0.19575684380032204
0 0.8023472901939459 0.2011473429951691 0.1566068515497553 0.20132045088566827
0 0.34557730650715973 0.18311191626409018 0.15098785571868767 0.1902576489533011
0 0.6686786296900489 0.09015700483091788 0.13681348558999457 0.09971819645732688
0 0.4087094435381548 0.7201610305958132 0.14469820554649274 0.18133655394524958
0 0.23561718325176728 0.3787520128824477 0.14988218234547765 0.18587761674718198
0 0.4072231285118724 0.0313365539452496 0.13335145912633672 0.03561996779388084
0 0.12685336233460212 0.605499194847021 0.13949610295450426 0.18871980676328506
0 0.19337502265724127 0.9323470209339776 0.1359978249048396 0.09968599033816437