0 0.6648264616818076 0.07537269974376894 0.13504542278127188 0.15074539948753787
0 0.5548654786862334 0.0641082382172529 0.1512753319357093 0.1282164764345058
0 0.8084643605870022 0.46726842146129355 0.14313999534125307 0.18888112431089363
0 0.7543064290705801 0.6282281233014986 0.14512578616352195 0.1806817299479774
0 0.6411105287677614 0.2491264849755416 0.12976939203354293 0.1700675518285581
0 0.8310592825529932 0.1704014286823511 0.1416608432331702 0.19085332712167094
0 0.6416200791986956 0.5990061340166162 0.12819706498951777 0.16994331858063513
0 0.6549440950384348 0.7927595310194891 0.14823549965059407 0.21539715816445393
0 0.5542714884696016 0.7223736314931283 0.15156068017703234 0.20208090690270977
0 0.2945259725133939 0.7058156689183943 0.14162007919869554 0.20756269896731114
0 0.8437252504076403 0.32608121748582963 0.15090845562543692 0.18740585449180844
0 0.5407523876077335 0.3479307399642829 0.12431283484742603 0.17068095349017778
0 0.5031417423713022 0.6036804099697181 0.12583857442348004 0.1697569687087505
0 0.34555089680875845 0.5095892538240546 0.13967505241090153 0.19905272148458722
0 0.20998427672955977 0.5192561534280612 0.154291870486839 0.2106530010093951
0 0.25584963894712326 0.4038667598416026 0.1472163987887258 0.21009395139374176
0 0.36992778942464477 0.348893547635686 0.13588399720475192 0.2018867924528302
0 0.457401583973911 0.47829412221445766 0.12560563708362463 0.16451587856200012
0 0.4617866293966923 0.3620040375805575 0.15003494060097833 0.20300489168413693
0 0.711961332401584 0.30306700830809846 0.1402690426275332 0.1771643761161581
0 0.6743157465641743 0.45384346610761706 0.1312485441416258 0.16809534901778084