0 0.3527912839906357 0.3371212121212121 0.12287052043940216 0.16125541125541126
0 0.5725823878984332 0.12337662337662338 0.1452548172159194 0.1764069264069264
0 0.237232126778318 0.2981601731601732 0.1299117594093283 0.15367965367965367
0 0.15799567801188547 0.5957792207792207 0.14665946335314248 0.1699134199134199
0 0.5152350081037277 0.8474025974025974 0.12830902215018922 0.17857142857142858
0 0.7880064829821719 0.3262987012987013 0.1255897712947955 0.1699134199134199
0 0.8719520979650639 0.6693722943722944 0.13585449306681088 0.18614718614718614
0 0.2952638213578246 0.8122294372294372 0.11833243291914282 0.170995670995671
0 0.9098235188186565 0.49242424242424243 0.1434900054024851 0.17207792207792208
0 0.9406582027732758 0.7164502164502164 0.11868359445344838 0.1645021645021645
0 0.886223662884927 0.2824675324675325 0.1477039438141543 0.2012987012987013
0 0.7542499549792905 0.1764069264069264 0.1270664505672609 0.16558441558441558
0 0.8715649198631369 0.8403679653679653 0.1331172339276065 0.2012987012987013
0 0.6551143526021971 0.8501082251082251 0.1289393120835584 0.17316017316017315
0 0.10419593012785881 0.4523809523809524 0.14334593913200075 0.16774891774891776
0 0.10675310642895733 0.7483766233766234 0.13063209076175045 0.17532467532467533
0 0.22875922924545292 0.1774891774891775 0.15065730235908523 0.19264069264069264
0 0.10608679992796685 0.3143939393939394 0.15382676030974246 0.19047619047619047
0 0.5697911039077976 0.770021645021645 0.13081217359985592 0.18073593073593072
0 0.3870610480821178 0.5876623376623377 0.1314424635332253 0.17532467532467533
0 0.48225283630470017 0.6477272727272727 0.11853052404105888 0.1525974025974026
0 0.554853232486944 0.6255411255411255 0.145993156852152 0.17424242424242425
0 0.45628489104988296 0.47619047619047616 0.13398163155051318 0.17857142857142858
0 0.4444264361606339 0.22943722943722944 0.14698361246173236 0.17965367965367965
0 0.3519178822258239 0.1525974025974026 0.1408607959661445 0.19047619047619047
0 0.5550603277507654 0.49783549783549785 0.11694579506573025 0.15367965367965367
0 0.6566540608679993 0.4945887445887446 0.13025391680172882 0.18831168831168832
0 0.6561858454889249 0.650974025974026 0.1325409688456691 0.18398268398268397
0 0.3235998559337295 0.48268398268398266 0.12106969205834692 0.15584415584415584
0 0.6891410048622367 0.375 0.14828020889609209 0.1699134199134199
0 0.28207275346659466 0.6228354978354979 0.121141725193589 0.15800865800865802
0 0.4237259139204034 0.7884199134199135 0.13000180082838106 0.18073593073593072
0 0.7649288672789483 0.6190476190476191 0.12996578426075991 0.17965367965367965
0 0.7907707545470917 0.4945887445887446 0.13740320547451837 0.18398268398268397
0 0.6021970106248874 0.31926406926406925 0.12679632631010268 0.18181818181818182
0 0.19796506392940752 0.908008658008658 0.131010264721772 0.16233766233766234
0 0.6397442823698901 0.20562770562770563 0.13176661264181516 0.18506493506493507
0 0.20404285971546912 0.4453463203463203 0.13236088600756352 0.17857142857142858
0 0.20629389519178823 0.6834415584415584 0.13425175580767149 0.16233766233766234
0 0.7480731136322709 0.7943722943722944 0.1317305960741942 0.18398268398268397
0 0.387655321447866 0.922077922077922 0.13079416531604546 0.15584415584415584
0 0.4932649018548532 0.35768398268398266 0.1187466234467855 0.1590909090909091
0 0.36792724653340536 0.7067099567099567 0.12380695119755092 0.1406926406926407