0 0.41655152561888314 0.2249615975422427 0.15513337171368255 0.1979518689196109
0 0.507167530224525 0.07150537634408602 0.1438687392055267 0.09139784946236558
0 0.30972941853770863 0.907462877624168 0.1470926885434657 0.18136200716845877
0 0.3674630589138361 0.10062724014336917 0.15791594703511794 0.1578341013824885
0 0.6459796584148916 0.17008448540706606 0.14726540011514103 0.19173067076292882
0 0.7563231625407792 0.3722862263184844 0.15950873152945702 0.20166410650281621
0 0.2411437344079831 0.9765360983102919 0.1296104394549991 0.0469278033794163
0 0.31555363653809254 0.5061315924219151 0.15712914987526383 0.2141833077316949
0 0.4785165995010555 0.7597926267281107 0.15171752062943772 0.20005120327700968
0 0.42156016119746686 0.6292370711725549 0.13239301477643448 0.17933947772657433
0 0.43188447514872386 0.5239631336405529 0.1529265016311648 0.22083973374295954
0 0.5612838226827864 0.6530593958013313 0.15263864901170593 0.20355862775217612
0 0.533093456150451 0.5144265232974911 0.1332373824601803 0.1782386072708652
0 0.5259355210132411 0.36955965181771633 0.16206102475532513 0.1995135688684076
0 0.4019094223757436 0.3817716333845366 0.15864517367108041 0.20161290322580644
0 0.5687488006140856 0.8422555043522786 0.13592400690846296 0.18415258576548899
0 0.617328727691422 0.31455453149001533 0.14952984072155057 0.2240911418330774
0 0.4607752830550758 0.9098438300051204 0.13765112262521598 0.18031233998975915
0 0.3161389368643254 0.7225422427035331 0.15599692957205905 0.19800307219662072
0 0.6743619266935329 0.08717357910906298 0.16737670312799835 0.1043010752688172
0 0.5124064478986758 0.1788530465949821 0.15962387257724045 0.20857654889912958
0 0.6697850700441373 0.4339093701996928 0.15678372673191335 0.19344598054275466
0 0.6499808098253693 0.5915642601126472 0.13759355210132426 0.18079877112135184
0 0.3881884475148724 0.8010496671786994 0.1263097294185377 0.17667690732206867
0 0.6817597390136251 0.7902585765488992 0.13682594511610047 0.18650793650793654
0 0.8173479178660525 0.46222478238607273 0.13473421608136646 0.2163082437275986
0 0.7576280944156591 0.6577956989247312 0.15791594703511813 0.20962621607782894
0 0.8251871042026482 0.7774705581157194 0.1623104970255231 0.21449052739375335
0 0.7225964306275187 0.9204813108038914 0.1377854538476301 0.15903737839221715
0 0.4890424102859336 0.9872119815668202 0.1381308769909806 0.025576036866359498
0 0.2605641911341393 0.5972478238607271 0.15423143350604493 0.1955965181771634
0 0.6146037228938783 0.9601510496671786 0.15726348109767796 0.07969790066564277
0 0.41654193053156785 0.961495135688684 0.13632700057570524 0.07700972862263183
0 0.8200633275762811 0.9196940604198669 0.17230857800805985 0.16061187916026617
0 0.2443101132220303 0.39832309267793137 0.14993283438879298 0.1964925755248337
0 0.2795624640184226 0.2617255504352279 0.1586259834964498 0.20046082949308755
0 0.2136346190750336 0.7837941628264209 0.13615428900402995 0.1979774705581157
0 0.23172135866436383 0.10869175627240144 0.1701400882748033 0.16661546338965696
0 0.768240260986375 0.20725806451612905 0.1438303588562657 0.19267793138760883