0 0.2184577496321883 0.730073391363714 0.15473037804644024 0.19911247653183134
0 0.3781232009211284 0.8782599419696193 0.16979466513145272 0.2169397508107187
0 0.6254397748352843 0.48710957501280083 0.13916714642103245 0.1743727598566309
0 0.5910733704343377 0.9537122375832053 0.14183458069468438 0.09257552483358941
0 0.525762809441566 0.3051075268817204 0.14125887545576665 0.16756272401433694
0 0.8601164203927589 0.6187318655060591 0.15815262585556175 0.21073562041303956
0 0.48969487622337365 0.169273766854412 0.16864965137849422 0.2249359959037378
0 0.2216689055203736 0.32123229220003413 0.14715665579223436 0.18962280252602834
0 0.5635066845774963 0.4283708824031404 0.17225100748416813 0.20325140809011777
0 0.6751103435041259 0.9359425669909541 0.1609032175526129 0.12811486601809183
0 0.32580758651570396 0.6843445980542755 0.15267063263609026 0.194435910564943
0 0.5600300646069213 0.8394990612732549 0.1528049638585045 0.20822665983956323
0 0.7973965329751168 0.6564601467827273 0.15624000511738004 0.18423792456050525
0 0.4955830614725261 0.6445297832394606 0.16790123456790132 0.2145673323092679
0 0.43877054947866695 0.7163807817033623 0.15219087827032565 0.21164874551971338
0 0.5861223053796457 0.6343232633555215 0.13810529009147332 0.18352107868236903
0 0.4815358536429348 0.5095664789213177 0.13925030384443163 0.17552483358934978
0 0.6959924518646452 0.6294760197986004 0.1615045096910383 0.18559481140126297
0 0.3315454487302501 0.37612220515446326 0.17055587539179934 0.1916965352449223
0 0.292247169449242 0.5474611708482676 0.15901618371393847 0.21076975593104633
0 0.76525299046888 0.8016598395630654 0.16857928740484876 0.18817204301075285
0 0.15374848077784176 0.7998890595664788 0.15019510010874432 0.18399897593445994
0 0.37413164459796583 0.5127880184331798 0.1567901234567901 0.20378904249871996
0 0.2822554851915819 0.21219491380781705 0.1498304867907632 0.19087728281276672
0 0.23938463506684576 0.9017835808158389 0.15954711187871812 0.19643283836832218
0 0.4790475276658351 0.9129160266257039 0.15172391735431448 0.17416794674859207
0 0.4052581078487814 0.3296381635091312 0.15881788524275564 0.21995221027479098
0 0.13313183649971216 0.4188257381805769 0.17578839634107338 0.2045400238948627
0 0.8483048679076313 0.8905273937532002 0.1440670376767095 0.18260795357569545
0 0.891588306786925 0.7922939068100359 0.15398196123584726 0.1887438129373613
0 0.9497281391927332 0.5375277351083803 0.10054372161453345 0.17911759685953238
0 0.6466769014264696 0.22660010240655404 0.15806946843216277 0.20958354668032086
0 0.7234439966737031 0.4013782215395119 0.14855114181539064 0.1850827786311658
0 0.8705334868547304 0.42901945724526375 0.1640631996417832 0.19718381976446495
0 0.763541866564319 0.2530465949820789 0.1619714706070492 0.2039938556067589
0 0.8569660333909038 0.27684331797235023 0.15545960468240252 0.18535586277521765
0 0.6833621185952792 0.8541389315582864 0.15740420904496907 0.20036695681856978