0 0.8156878738444807 0.5872383252818035 0.14683704912089915 0.18706119162640897
0 0.8334874025738626 0.7036674718196457 0.13411274243248142 0.19542673107890507
0 0.5191952147906471 0.251256038647343 0.1495377922784123 0.19493558776167477
0 0.4523744788834511 0.12542270531400965 0.13393148450244702 0.18999194847020934
0 0.7724397317382635 0.06265901771336554 0.147978974080116 0.1253180354267311
0 0.7022294725394237 0.5111956521739129 0.12673554468007972 0.19354267310789056
0 0.8144553199202464 0.45210144927536233 0.1522204096429219 0.17789855072463764
0 0.5967101685698749 0.6977415458937198 0.14428131230741328 0.18353462157809972
0 0.7077397136124706 0.6273228663446055 0.1369222403480153 0.206561996779388
0 0.5968551749139025 0.3830032206119163 0.13737538517310133 0.195780998389694
0 0.5952601051295994 0.05151771336553945 0.12526735544680082 0.1030354267310789
0 0.7366956679354721 0.7959943639291465 0.15742251223491027 0.21203703703703686
0 0.5368588000725032 0.6213325281803542 0.14003987674460755 0.20256843800322055
0 0.7188961392060903 0.36047906602254426 0.14468007975348918 0.19549114331723028
0 0.5877922784121806 0.20944444444444446 0.13284393692224045 0.20611916264090177
0 0.6058818198296175 0.5063848631239936 0.14678267174188867 0.2097987117552335
0 0.8238535435925322 0.1816304347826087 0.11591444625702355 0.1858695652173913
0 0.6267174188870763 0.8488446054750403 0.14924777959035698 0.18623993558776172
0 0.5319013956860612 0.8285950080515299 0.1456044951966647 0.198840579710145
0 0.8074225122349102 0.31486714975845415 0.1384991843393148 0.18074074074074073
0 0.5152891063984049 0.06881843800322061 0.11080297263005255 0.13763687600644123
0 0.3997371760014501 0.04337359098228664 0.12474170744970098 0.08674718196457328
0 0.2650172195033533 0.1899476650563607 0.15905383360522024 0.2122141706924316
0 0.3217509516041327 0.32014895330112725 0.13307957223128514 0.18881642512077296
0 0.18753851731013232 0.30908615136876005 0.1304513322457858 0.18311594202898554
0 0.33178357803153885 0.11778985507246377 0.15653434837774147 0.20977455716586152
0 0.432499546855175 0.22903381642512077 0.13143012506797164 0.16372785829307573
0 0.398858075040783 0.34941223832528184 0.13882544861337687 0.1905233494363929
0 0.32210440456769984 0.4411996779388084 0.15180351640384265 0.18976650563607086
0 0.27434294000362514 0.6045652173913044 0.1519485227478702 0.1941143317230275
0 0.3736360340764909 0.5381481481481482 0.13719412724306693 0.19034621578099836
0 0.23768352365415985 0.793997584541063 0.14522385354359257 0.2117954911433171
0 0.343320645278231 0.8687077294685992 0.1565705999637484 0.21086151368760075
0 0.35638027913721226 0.7080193236714976 0.15323545405111483 0.20833333333333318
0 0.46267899220590897 0.716658615136876 0.14444444444444451 0.21279388083735928
0 0.48509153525466736 0.5418639291465378 0.132952691680261 0.2093800322061191
0 0.4888073228203734 0.4323711755233494 0.13262642740619895 0.19959742351046691
0 0.7180623527279318 0.1882085346215781 0.1469458038789197 0.19032206119162637
0 0.6540239260467646 0.1335265700483092 0.12037339133587095 0.1733574879227053
0 0.6805057096247961 0.035132850241545895 0.13262642740619895 0.07026570048309179