0 0.5388245275291089 0.6233021442495127 0.12235679597448952 0.14880311890838224
0 0.7294511731320578 0.8030916179337232 0.13715405769118252 0.1686783625730995
0 0.7725762097010122 0.6621988304093568 0.1308524954654496 0.19023781676413246
0 0.3876455444385934 0.9397972709551657 0.1394008542507753 0.12040545808966846
0 0.280045052951846 0.8868187134502925 0.13024398806389328 0.1818167641325535
0 0.6093440992335147 0.9675477582846004 0.13414077584693707 0.06490448343079917
0 0.490746591773448 0.9651695906432748 0.12601369141653498 0.06966081871345044
0 0.3251682171903341 0.7402456140350877 0.12943654555028963 0.15976608187134508
0 0.25272365572523553 0.6167563352826511 0.14168275700661162 0.1878440545808967
0 0.3523023813703119 0.556990253411306 0.12352700251594413 0.15412085769980519
0 0.17676554911941958 0.7506198830409357 0.157024164765081 0.18261988304093585
0 0.428532560997016 0.7928771929824562 0.12191796852144399 0.16448343079922012
0 0.3236996079808086 0.4090253411306043 0.14482476157041713 0.16606627680311895
0 0.40267977297993096 0.28277582846003896 0.13100462231583873 0.1923430799220273
0 0.4850301328184424 0.1758011695906433 0.1511146217307355 0.1769746588693957
0 0.5684483061260313 0.24080701754385964 0.15205663799660635 0.17913450292397665
0 0.578146392838336 0.39222612085769987 0.14915452577379923 0.17160233918128645
0 0.4588145807735065 0.5056374269005849 0.1228131765256568 0.1551189083820662
0 0.5468258147563045 0.5180662768031189 0.14626996664911351 0.18606627680311896
0 0.46528582294775034 0.36115399610136456 0.14923058919899357 0.17265497076023395
0 0.5906997835117899 0.7622962962962962 0.1255339067345388 0.17101754385964915
0 0.5309314844069978 0.8533762183235867 0.132765783160728 0.1840857699805067