0 0.06562480147385807 0.31072124756335284 0.12879740804269105 0.19076192897703195
0 0.5857188234546725 0.2803118908382066 0.14004828155771554 0.20983981693363843
0 0.7219299917413126 0.47172641749300787 0.13050632107235882 0.1897364183405373
0 0.27123117972174576 0.6746207305703873 0.15885903055714382 0.20084752945164855
0 0.6662156152722191 0.6166709043139249 0.12960421828346363 0.18166793796084418
0 0.33112254621688586 0.3954741927281973 0.1400673400673401 0.21327231121281462
0 0.31522774919001334 0.5540469531316213 0.14009275141350608 0.21784897025171623
0 0.42283844736674925 0.5654970760233917 0.12530334794485734 0.17908297313331634
0 0.5255765199161426 0.60465293668955 0.14344704910742634 0.20435630138147304
0 0.4338765008576329 0.43176964149504193 0.156311543103996 0.20524620730570384
0 0.5124515596213709 0.4188914314772438 0.1270122609745251 0.1780574624968218
0 0.6081157486817864 0.4959021951012797 0.14087415030811265 0.20417832019662685
0 0.4244393621752113 0.2771675565725909 0.1520614954577218 0.2118145605559793
0 0.8341687313385426 0.19047800661072972 0.13990851915380206 0.18466819221967962
0 0.29769074391715905 0.8538647342995169 0.1529763039197002 0.22217137045512347
0 0.1582300997395337 0.7068649885583523 0.14423480083857446 0.19182981608610894
0 0.2117622768566165 0.41411560301720485 0.14085509179848804 0.20074582591745066
0 0.726056159075027 0.2694168997372659 0.13318086525633685 0.2082210356809899
0 0.0622959151261038 0.5215526739554199 0.1245918302522076 0.20100008475294512
0 0.17377231433835205 0.534532587507416 0.14778603646528177 0.21380625476735318
0 0.35830951019630264 0.7527544707178574 0.13489613112254623 0.20833968980422077
0 0.4768820278254241 0.7214679210102551 0.12790801092687884 0.1849817781167895
0 0.6418080172797154 0.3769048224425799 0.1252525252525251 0.16992965505551313
0 0.6233466742900705 0.765937791338249 0.13132583698621433 0.18293075684380022
0 0.4470904008639857 0.8971607763369777 0.1530334794485738 0.20567844732604462
0 0.5224159837367385 0.8648317654038478 0.14863096372530346 0.21157725230951754
0 0.6223016326789912 0.9298584625815747 0.15107680579378693 0.14028307483685062
0 0.7375325582872754 0.8293499449105857 0.1484848484848484 0.1852614628358336
0 0.8511339813226606 0.5344605475040257 0.15715647036401761 0.20301720484786848
0 0.4939044533384156 0.20528434613102806 0.1374626770853186 0.20737350622934142
0 0.8005431675242997 0.683765573353674 0.14696016771488454 0.21946775150436473
0 0.8708976558033162 0.3744385117382829 0.14770980242678342 0.20007627765064837
0 0.2501302331491011 0.2256208153233325 0.14434915189632172 0.21242478176116622
0 0.6349564830696907 0.14293160437325197 0.14084238612540495 0.1984574963979998