0 0.8579070638935732 0.35280898876404493 0.11287240022484533 0.19550561797752808
0 0.7220442195990256 0.8769662921348315 0.16529885703578792 0.20449438202247192
0 0.7550215476859659 0.09887640449438202 0.14549372306539263 0.12921348314606743
0 0.5188401723814877 0.09325842696629214 0.16921491474611203 0.18651685393258427
0 0.7936949597151958 0.5724719101123595 0.16095184560614578 0.19662921348314608
0 0.6346355630504029 0.0848314606741573 0.14924114671163574 0.15168539325842698
0 0.3993348323027918 0.13202247191011235 0.14598088813940424 0.20898876404494382
0 0.2663575042158516 0.24775280898876403 0.17901442758103805 0.21797752808988763
0 0.3232340266067079 0.39719101123595507 0.16454937230653927 0.2101123595505618
0 0.2728030728873899 0.48258426966292134 0.179876335019674 0.21910112359550563
0 0.4184092186621698 0.2898876404494382 0.14307663481356567 0.18651685393258427
0 0.7039629005059022 0.348876404494382 0.13278995690462803 0.17640449438202246
0 0.4161888701517707 0.4853932584269663 0.14382611954281432 0.18089887640449437
0 0.366301292861158 0.6286516853932584 0.1608956342514521 0.19325842696629214
0 0.47636312535132097 0.9084269662921348 0.1632565111485854 0.18314606741573033
0 0.5775997751545812 0.8865168539325843 0.16271313471987997 0.20112359550561798
0 0.7607176316282556 0.4404494382022472 0.1626756604834177 0.19887640449438201
0 0.6551433389544689 0.22752808988764045 0.1498032602585723 0.1853932584269663
0 0.4025669851976766 0.7556179775280899 0.15801011804384474 0.22247191011235956
0 0.5364999063144088 0.26741573033707866 0.14219599025669846 0.1842696629213483
0 0.6181281618887016 0.7382022471910112 0.165223908562863 0.2
0 0.49985947161326594 0.7247191011235955 0.1685965898444819 0.2
0 0.516516769720817 0.5859550561797753 0.13957279370432824 0.17865168539325843
0 0.5125351320966836 0.44831460674157303 0.15937792767472356 0.20337078651685395
0 0.6158328649053775 0.6005617977528089 0.16050215476859644 0.2202247191011236
0 0.643310848791456 0.5039325842696629 0.13874836050215486 0.1797752808988764
0 0.6098276185122729 0.3668539325842697 0.15847854599962521 0.2
0 0.7253513209668353 0.645505617977528 0.16462432077946418 0.21460674157303372
0 0.8726719130597713 0.151123595505618 0.12096683530073077 0.1752808988764045
0 0.27911748173130974 0.6842696629213483 0.17225032789956904 0.21685393258426966
0 0.3533164699269252 0.8865168539325843 0.14909124976578608 0.19325842696629214
0 0.59522203485104 0.9573033707865168 0.14982199737680343 0.0853932584269663