0 0.5315095871588283 0.5785268414481898 0.12327774654924753 0.16774864752392843
0 0.7117669102492037 0.14916770703287557 0.1385422522016114 0.17149396587598834
0 0.5935169570919991 0.11063254265501458 0.1533071013678095 0.11922596754057428
0 0.8937886453063518 0.6070120682480233 0.16005870963712465 0.18481065334997923
0 0.894669289863219 0.7699542238868081 0.14340141152957328 0.21002913025384928
0 0.6885360064955343 0.3724094881398252 0.127755917806508 0.17490636704119847
0 0.7679845106489288 0.5470245526425301 0.15751670726375613 0.20582605076987104
0 0.7521516457435512 0.6797752808988764 0.1329023796140154 0.17765293383270908
0 0.7252732496408719 0.8416562630045776 0.13214664917868957 0.17981689554723254
0 0.6238148772718756 0.7381814398668332 0.12864280806945216 0.17611319184352908
0 0.8158578477296858 0.9183312526009155 0.14628068203110375 0.16333749479816903
0 0.6485135219536569 0.5850395339159384 0.12269689588407985 0.1744069912609238
0 0.5874492536381238 0.42958801498127347 0.12256573605646133 0.17103620474406986
0 0.4625195178314908 0.7698293799417395 0.1598276185122729 0.2004577611319184
0 0.42261570170507773 0.5537869330004161 0.13315220785709828 0.20565959217644614
0 0.23567547311223536 0.4983978360382855 0.15365061520204856 0.21439866833125257
0 0.29023171569545936 0.4002496878901373 0.1503216538629692 0.21518934665002076
0 0.41779401661357823 0.3759051186017478 0.13403909812004244 0.2068664169787765
0 0.49729560926862776 0.422367873491469 0.14917244394478799 0.20724094881398242