0 0.06675970228601807 0.3383687943262411 0.13351940457203615 0.20732860520094565
0 0.33352531159548704 0.9247517730496454 0.1434520645046961 0.15049645390070926
0 0.6876484139642035 0.769775413711584 0.14749837556855108 0.20092198581560297
0 0.1536032843050387 0.7214539007092199 0.1466005080040168 0.18070921985815616
0 0.14534821903242956 0.5028368794326241 0.1489042471498612 0.19671394799054379
0 0.4581428318270424 0.8492553191489361 0.14167995746943104 0.195437352245863
0 0.10458385019788528 0.647565011820331 0.16020438301140053 0.18217494089834524
0 0.1686868686868687 0.3549290780141844 0.1486148030007679 0.17226950354609935
0 0.31955224762242307 0.19429078014184398 0.15355307460570616 0.21172576832151302
0 0.40331679366767087 0.24098108747044916 0.1591293047433398 0.19382978723404254
0 0.5134030362100538 0.12653664302600473 0.1584263689526846 0.1959338061465721
0 0.30523657628920786 0.36377068557919623 0.13529446511902649 0.1771867612293144
0 0.31267056530214427 0.7267021276595744 0.13444385374209936 0.15803782505910177
0 0.43592356311654556 0.36977541371158396 0.13121271191446637 0.17494089834515367
0 0.534186898221986 0.33274231678487 0.14102427786638314 0.19860520094562645
0 0.7292131844763424 0.47221040189125296 0.15153287258550427 0.20210401891252952
0 0.7036771220981747 0.5976832151300236 0.14411955815464578 0.1965721040189126
0 0.36767086065331683 0.8007683215130023 0.1441668143422529 0.19763593380614664
0 0.22809380353240005 0.6533569739952719 0.1327603520585977 0.1739243498817966
0 0.6289326008624255 0.36591016548463356 0.16058243251225712 0.19068557919621745
0 0.26913875598086123 0.5113002364066195 0.1326658396833835 0.17179669030732853
0 0.5967570441254652 0.6408510638297872 0.14670092740268187 0.20089834515366428
0 0.5968072538247977 0.48692671394799053 0.14449760765550243 0.20508274231678492
0 0.496768858172367 0.5010047281323877 0.12858408647882338 0.1695508274231678
0 0.39981097524957177 0.4906737588652482 0.14730935081812274 0.19666666666666655
0 0.4967747651958178 0.6267021276595744 0.1591293047433398 0.1938297872340426
0 0.42518164097111466 0.6565366430260047 0.13013172662295472 0.1685342789598111
0 0.3315435052277158 0.6074231678486998 0.1447279815700868 0.19234042553191485
0 0.5116929529210231 0.7672222222222222 0.1449642625081221 0.19765957446808505
0 0.14633469194872703 0.9262411347517732 0.14227656683797033 0.14751773049645375
0 0.5722488038277511 0.20391252955082742 0.14595073542441975 0.20193853427895983
0 0.7213391222163152 0.3079314420803782 0.13890956347096692 0.1868557919621749
0 0.8089993502274204 0.6354255319148936 0.15003248862898003 0.20418439716312065
0 0.2414259554610432 0.8385697399527186 0.13173252997814394 0.186643026004728
0 0.8450351467895327 0.46232860520094565 0.15664244787051815 0.19163120567375885
0 0.8843700159489634 0.6733451536643025 0.14669502037923107 0.18283687943262425
0 0.824133144308583 0.2587825059101655 0.1549589461870163 0.2075177304964539
0 0.6869750132908028 0.17375886524822692 0.1395179868864079 0.18262411347517726
0 0.8107271545868038 0.8032505910165485 0.1490519227361332 0.2179669030732861
0 0.5956376631815228 0.8368203309692671 0.1422411246972651 0.19014184397163122
0 0.06588250930356195 0.5235579196217494 0.1317650186071239 0.17567375886524822
0 0.06382243487506645 0.7957801418439716 0.1276448697501329 0.19231678486997641
0 0.19258963908086715 0.20330969267139481 0.16386673755094802 0.1929078014184397
0 0.8590554669502037 0.3354491725768321 0.1680430031307227 0.19728132387706857
0 0.8189674523007856 0.13239952718676123 0.16207690944533057 0.17054373522458632
0 0.09023569023569024 0.19761229314420803 0.12990135270837025 0.18127659574468089
0 0.7238496071829404 0.8805673758865248 0.1456731053222283 0.2136170212765957