0 0.23357474112191093 0.05730994152046784 0.1361031700654342 0.07536231884057971
0 0.793688456896004 0.7956775997965929 0.15119750968807574 0.2001525553012968
0 0.8420716599961884 0.4261505212306127 0.11950956101899493 0.19753368929570297
0 0.7494441268026174 0.9086956521739131 0.15995171844228442 0.1826086956521738
0 0.6611396988755479 0.1638189677091279 0.14087415030811246 0.17615052123061278
0 0.4849469538148784 0.13324434274091024 0.1534273553141479 0.16966692092550217
0 0.791592020837304 0.5989702517162472 0.15544120449780835 0.19951690821256035
0 0.5972651038688774 0.12378591406051359 0.13522012578616338 0.11853546910755149
0 0.3672606568832984 0.136371726417493 0.1358935264595642 0.2017543859649123
0 0.2511085699764945 0.3327231121281464 0.16802617368655098 0.21581489956776004
0 0.2961088876183216 0.4582125603864734 0.15384664252588787 0.22438342232392572
0 0.21429388221841053 0.6045385202135775 0.1555174385363065 0.22344266463259585
0 0.3867162187916905 0.329443173150267 0.14059462550028584 0.19092295957284516
0 0.6801315037164094 0.37790490719552505 0.1252017025601931 0.1902364607170099
0 0.40301442093894924 0.5181540808543097 0.13865701035512354 0.1849987287058225
0 0.3814465408805031 0.6551106025934402 0.1579696334413315 0.19867785405542837
0 0.5115526332507464 0.921345029239766 0.16026300743281885 0.157309941520468
0 0.6105171208944793 0.9125222476481059 0.15638777714249408 0.17495550470378837
0 0.7449717298773904 0.46474701245868294 0.15728987993138943 0.20315280956013232
0 0.613645892891176 0.24872870582252732 0.1378883171336002 0.18718535469107547
0 0.4167556063782479 0.7948258326976861 0.15054952036084118 0.2274091024663106
0 0.502255256972238 0.29303330790744975 0.13617305126739093 0.1869819476226799
0 0.6358839972047519 0.7769641495041952 0.1599961882980752 0.2068904144419017
0 0.5115049869766851 0.7616450546656496 0.16329331046312187 0.20386473429951707
0 0.5140715329394574 0.619018560894991 0.13423543612222855 0.18105771675565735
0 0.49706816593609043 0.47805746249682174 0.15575249348834258 0.20752606153063816
0 0.6157455053681468 0.6322145944571573 0.15384664252588767 0.22438342232392572
0 0.6332062766025031 0.5323544368166795 0.1334667429007052 0.18324434274091025
0 0.5855060034305317 0.3923086702262904 0.15304618512165682 0.20378845664886852
0 0.7302490311924273 0.6680015255530128 0.15733434978718 0.20429697431985774
0 0.8352391842957881 0.184464785151284 0.1295597484276729 0.14861428934655482
0 0.2810494885966584 0.6967327739638952 0.16080935137538907 0.2058479532163742
0 0.3785814116002795 0.9121027205695398 0.14844673146559936 0.17579455886092035
0 0.6495044787497618 0.9877828629544876 0.15436757512229218 0.02443427409102473
0 0.7641032971221651 0.287070938215103 0.14804650276348394 0.1849733028222731
0 0.3469156978590941 0.9775298754131706 0.15433581093958448 0.044940249173658846
0 0.26684772250809985 0.8584795321637427 0.1451051394447621 0.19715230104246126
0 0.7850549520360841 0.996605644546148 0.16628549647417573 0.006788710907704112
0 0.24749062956610127 0.1517798118484617 0.1523981957944222 0.23104500381388254
0 0.24524807826694622 0.9647215865751336 0.12372784448256145 0.07055682684973286