0 0.3647042093287827 0.8161098456087067 0.16222980659840727 0.19473550999746886
0 0.4469567690557452 0.9658567451278157 0.1456769055745165 0.06828650974436848
0 0.29052901023890787 0.12838521893191598 0.15369738339021616 0.17742343710453048
0 0.3106939704209329 0.927549987344976 0.16177474402730377 0.14490002531004803
0 0.5880546075085324 0.8951657808149835 0.15335608646188853 0.1876486965325233
0 0.7055176336746303 0.7075930144267274 0.16660978384527872 0.19713996456593275
0 0.2275028441410694 0.03868640850417616 0.1320250284414107 0.06760313844596305
0 0.27835608646188853 0.5261073146038977 0.16473265073947663 0.21073146038977464
0 0.4498009101251422 0.2927992913186535 0.1589306029579067 0.1969121741331309
0 0.3880830489192264 0.41643887623386483 0.13919226393629122 0.17699316628701592
0 0.39354379977246867 0.5209693748418123 0.15989761092150168 0.21627436092128577
0 0.5265073947667804 0.4079979751961529 0.15910125142207057 0.20032903062515822
0 0.49246302616609783 0.5421538850923817 0.13907849829351535 0.1747152619589977
0 0.47849829351535833 0.6848899012908125 0.16911262798634816 0.19607694254619085
0 0.3571956769055745 0.6584788661098455 0.16581342434584748 0.19825360668185263
0 0.5426621160409556 0.2214123006833713 0.14192263936291233 0.18048595292331052
0 0.5658418657565416 0.7496456593267526 0.15750853242320811 0.21961528726904564
0 0.43990329920364046 0.14023032143761072 0.14362912400455075 0.18053657301948872
0 0.28819681456200225 0.3119589977220956 0.1630830489192264 0.1947608200455581
0 0.6122298065984072 0.9647177929638067 0.16905574516496008 0.0705644140723867
0 0.456769055745165 0.8718805365730196 0.16615472127417522 0.2050873196659073
0 0.6231797497155859 0.636712224753227 0.16285551763367453 0.19020501138952164
0 0.6110068259385665 0.4783725639078714 0.1443117178612058 0.17714502657555045
0 0.3630261660978385 0.24231840040496078 0.13304891922639367 0.173399139458365
0 0.6513936291240046 0.2856618577575297 0.1428896473265074 0.18278916729941785
0 0.7745449374288964 0.6258035940268286 0.15130830489192257 0.21488230827638582
0 0.7200796359499432 0.4245760566945077 0.1653583617747442 0.20620096178182742
0 0.7931171786120591 0.31381928625664385 0.17241183162684864 0.2109592508225765
0 0.6994311717861206 0.13652239939255886 0.1465301478953356 0.20450518855985825
0 0.47241183162684863 0.04538091622374083 0.14050056882821393 0.06671728676284486
0 0.22804323094425483 0.4299417868893951 0.1612627986348123 0.19243229562136163
0 0.5953356086461888 0.08210579600101241 0.16245733788395914 0.13105542900531514
0 0.399971558589306 0.06718552265249304 0.1403299203640501 0.11447734750696026
0 0.7949658703071673 0.14848139711465452 0.17980659840728083 0.20549228043533282
0 0.2033560864618885 0.6248291571753987 0.15699658703071673 0.19230574538091622
0 0.23142775881683733 0.7642495570741585 0.1657565415244596 0.19711465451784352
0 0.19098407281001137 0.23949633004302706 0.1426052332195677 0.19415337889141993
0 0.17767349260523324 0.9080865603644647 0.17491467576791808 0.15871931156669178
0 0.70967007963595 0.872538597823336 0.15005688282138804 0.1898253606681851