0 0.08467718116840925 0.24696217494089834 0.14215251934550177 0.18921985815602838
0 0.2879703467422766 0.8949763593380615 0.138153464469254 0.1868557919621751
0 0.5592651662827101 0.2942434988179669 0.14141414141414155 0.1998108747044917
0 0.3386348868805009 0.7591962174940897 0.13734420225648292 0.1846808510638297
0 0.5119646759997637 0.7487352245862884 0.13014944769330747 0.1810638297872341
0 0.6799249808021738 0.345531914893617 0.13980743103550114 0.19758865248226953
0 0.3868007560990017 0.1734160756501182 0.13817118553960658 0.19004728132387708
0 0.4901116427432217 0.47412529550827426 0.13819481363341013 0.19430260047281317
0 0.6005198180636776 0.11483451536643026 0.13724378285781783 0.16659574468085106
0 0.255077086656034 0.3549054373522459 0.13658219623131904 0.19101654846335697
0 0.3775149152342135 0.3674822695035461 0.14299131667552722 0.19671394799054379
0 0.6307726386673754 0.6100827423167848 0.13094098883572552 0.18004728132387715
0 0.2251698269242129 0.5679550827423168 0.13255360623781673 0.1833333333333335
0 0.7394205209994684 0.43626477541371156 0.15110165987358973 0.22165484633569746
0 0.7532783980152401 0.13239952718676123 0.144515328725855 0.18404255319148935
0 0.09162384074664777 0.4930378250591016 0.14372969460688761 0.18612293144208034
0 0.7569555201134149 0.7228486997635934 0.13657038218441733 0.188888888888889
0 0.3650924449170063 0.5709338061465722 0.1301494476933073 0.1810638297872341
0 0.6113237639553429 0.8402364066193854 0.1333746824974895 0.18763593380614652
0 0.9284393644042768 0.6565602836879434 0.14312127119144658 0.19907801418439702
0 0.4437119735365349 0.9322458628841608 0.13803532400023624 0.13550827423167844
0 0.1672248803827751 0.8282624113475177 0.14535412605588044 0.1915366430260045
0 0.8764693720834071 0.2806146572104019 0.14695492941106975 0.1926950354609929