0 0.20839629015416744 0.07861356932153392 0.1332227750138198 0.11106194690265488
0 0.7898439899269087 0.7410398230088495 0.14356612001719796 0.18584070796460178
0 0.8214605982433512 0.3745575221238938 0.13125729377802348 0.18805309734513273
0 0.7559670781893004 0.8686578171091446 0.15202997358884585 0.19100294985250746
0 0.6230206989742645 0.13753687315634217 0.13493028683741776 0.17625368731563423
0 0.4527731711811314 0.12625368731563422 0.14766906209692285 0.1851032448377581
0 0.77537927645722 0.549594395280236 0.14771205699895565 0.18620943952802352
0 0.5594066703519439 0.10597345132743365 0.13042196425280994 0.12404129793510324
0 0.3423591916958418 0.15556784660766962 0.12994287820158468 0.1967551622418879
0 0.2443860942202567 0.3667772861356932 0.16066580676862605 0.20058997050147498
0 0.295184570972299 0.4831858407079646 0.1461703826546281 0.2103244837758112
0 0.22596277869909712 0.6368731563421829 0.14778576254529815 0.20936578171091444
0 0.37325717093544625 0.34461651917404135 0.13414409434309937 0.17728613569321533
0 0.6552576623057552 0.350405604719764 0.11843252871445241 0.17699115044247787
0 0.40055893372642964 0.5261799410029498 0.1322707450402309 0.17160766961651916
0 0.3889349548553529 0.6629424778761062 0.15011362938394449 0.1842182890855457
0 0.5311651618450954 0.9159660766961651 0.15316012529942888 0.16806784660766969
0 0.6239297340458202 0.8943952802359881 0.14862723419937357 0.18849557522123903
0 0.7226214605982434 0.4252949852507375 0.14945642159572514 0.18856932153392333
0 0.5837939929979731 0.23381268436578173 0.13157054234997848 0.1748525073746312
0 0.43121429887599044 0.7940265486725663 0.14293962287328776 0.21224188790560486
0 0.48071678643817944 0.29244100294985254 0.12991216755727533 0.17470501474926248
0 0.6383760211289232 0.7452064896755163 0.152072968490879 0.1921091445427727
0 0.5194889748786929 0.7478613569321533 0.15526073337018617 0.18908554572271394
0 0.5128493335790185 0.6089233038348083 0.12803881825440688 0.16902654867256633
0 0.4877679503715988 0.47385693215339236 0.1480130213131871 0.1939528023598819
0 0.6102849947791904 0.6071165191740412 0.1461703826546281 0.2103244837758111
0 0.6204471469811437 0.5071533923303835 0.12729562066212147 0.171165191740413
0 0.566252072968491 0.37776548672566373 0.14539647441803324 0.19041297935103244
0 0.7213039739573736 0.6252581120943953 0.14949941649775814 0.18967551622418882
0 0.7944536576377372 0.13679941002949852 0.13285424728210793 0.14410029498525076
0 0.29602911369080526 0.7175147492625369 0.1528591609851975 0.19107669616519177
0 0.40277010011670045 0.916316371681416 0.1409065782200111 0.1673672566371681
0 0.6685369449051041 0.9703908554572271 0.14923530495669787 0.05921828908554569
0 0.7290092746145814 0.24948377581120948 0.14134881149806525 0.17131268436578173
0 0.5387076960874639 0.9938790560471977 0.134647748909772 0.012241887905604652
0 0.3780879552853019 0.9820058997050147 0.14908789386401322 0.035988200589970466
0 0.2927492168785701 0.877617994100295 0.13767581843867077 0.1831120943952802
0 0.7992045943123887 0.970151179941003 0.16105890301578524 0.05969764011799413
0 0.4566273570419507 0.0659660766961652 0.12220993796449837 0.061578171091445436
0 0.22930102573551994 0.19126106194690262 0.14472698237209014 0.2157079646017699
0 0.3139794852896014 0.06320058997050147 0.14996007616239787 0.07396755162241887
0 0.2797432590135741 0.9761061946902655 0.11857993980713716 0.047787610619469074