0 0.06545853926414057 0.30496947496947496 0.11663920922570016 0.19445665445665442
0 0.35018304960644336 0.0784981684981685 0.1390444810543657 0.156996336996337
0 0.1132710964671426 0.5757509157509159 0.15262676185246202 0.18891330891330885
0 0.6286198059674172 0.10256410256410256 0.1379461834157057 0.19242979242979244
0 0.8487827201171517 0.09732600732600732 0.14384038074318142 0.19465201465201465
0 0.8014277869302582 0.7683760683760683 0.13604246750869486 0.18463980463980478
0 0.9223183232656049 0.6444200244200244 0.1553633534687902 0.22322344322344334
0 0.9339923119165294 0.19935286935286933 0.13201537616694103 0.18363858363858362
0 0.9243410214168041 0.43017094017094015 0.15131795716639193 0.19550671550671542
0 0.2656873512721947 0.18354090354090355 0.13322350356946733 0.19873015873015873
0 0.8677283543840381 0.2563003663003663 0.1457990115321252 0.20605616605616606
0 0.819366648361706 0.6131623931623932 0.13454146073585935 0.188937728937729
0 0.6820977484898407 0.753980463980464 0.1416437854658614 0.20471306471306458
0 0.15954603697602052 0.1067032967032967 0.13904448105436573 0.17604395604395603
0 0.5561413142961743 0.19384615384615386 0.151418634449936 0.20200244200244202
0 0.3852187442796998 0.40217338217338217 0.14049057294526807 0.19477411477411485
0 0.4752242357678931 0.3291208791208791 0.12650558301299653 0.16981684981684977
0 0.5511806699615597 0.34223443223443223 0.1553175910671793 0.1956532356532357
0 0.4675269998169504 0.5068498168498169 0.14296174263225342 0.19492063492063488
0 0.5649551528464214 0.47079365079365076 0.12489474647629512 0.17081807081807082
0 0.6682042833607909 0.4608180708180708 0.1401061687717372 0.20791208791208796
0 0.650988467874794 0.30328449328449325 0.14243089877356757 0.20366300366300372
0 0.3325279150649826 0.5176068376068377 0.1290865824638477 0.17326007326007334
0 0.714168039538715 0.577008547008547 0.15764232106900966 0.19140415140415132
0 0.2751418634449936 0.38062271062271064 0.12915980230642501 0.17545787545787553
0 0.4010250777960827 0.19533577533577534 0.1398498993227165 0.2002197802197802
0 0.764662273476112 0.3213186813186813 0.13898956617243274 0.19907203907203908
0 0.8042009884678748 0.4428449328449328 0.14737323814753792 0.20395604395604397
0 0.6322350356946732 0.6446275946275946 0.13659161632802477 0.20112332112332126
0 0.5175178473366282 0.62004884004884 0.12754896576972358 0.17645909645909647
0 0.34962474830679113 0.28757020757020757 0.12460186710598571 0.16202686202686203
0 0.37775947281713346 0.6613675213675213 0.13077063884312642 0.17445665445665437
0 0.623247300018305 0.8455555555555555 0.15456708768076163 0.1978021978021978
0 0.4775215083287571 0.7573015873015873 0.14812374153395577 0.20180708180708198
0 0.38487095002745747 0.8624420024420025 0.15200439319055462 0.21958485958485943
0 0.26956800292879374 0.7211843711843713 0.14728171334431628 0.17653235653235672
0 0.1509610104338276 0.41881562881562884 0.1559948746110196 0.19130647130647138
0 0.48736042467508695 0.12360195360195361 0.13730550979315392 0.19787545787545788
0 0.20505216913783636 0.5807692307692308 0.14673256452498626 0.20940170940170952
0 0.1770730367929709 0.3231257631257631 0.14693391909207396 0.1907692307692308
0 0.7287204832509611 0.14672771672771673 0.14160717554457253 0.20361416361416362