0 0.4855848434925865 0.8328571428571429 0.1441515650741351 0.18449328449328453
0 0.4386326194398682 0.4018315018315018 0.11943986820428336 0.16288156288156283
0 0.8101317957166392 0.4858730158730158 0.1342668863261944 0.17431013431013437
0 0.30930807248764414 0.5128083028083028 0.11449752883031301 0.1660317460317461
0 0.5300658978583196 0.11395604395604396 0.1441515650741351 0.18339438339438338
0 0.21252059308072488 0.546996336996337 0.15403624382207579 0.1957753357753358
0 0.3245469522240527 0.9024664224664225 0.1301482701812191 0.1708913308913307
0 0.3970345963756178 0.4761416361416361 0.13838550247116968 0.20300366300366302
0 0.7887149917627677 0.37716727716727716 0.1441515650741351 0.1954822954822955
0 0.5831960461285008 0.8013919413919414 0.1326194398682043 0.17755799755799756
0 0.6873970345963756 0.5043467643467643 0.14250411861614498 0.17675213675213675
0 0.557660626029654 0.1972039072039072 0.12520593080724876 0.18393162393162396
0 0.5527182866556837 0.5814163614163615 0.14662273476112025 0.19555555555555576
0 0.6161449752883031 0.9168986568986569 0.13509060955518945 0.13037851037851056
0 0.6647446457990115 0.24897435897435896 0.12767710049423395 0.1982905982905983
0 0.4596375617792422 0.7248351648351647 0.13920922570016475 0.18324786324786316
0 0.2458813838550247 0.8157875457875458 0.1301482701812191 0.17418803418803425
0 0.7512355848434926 0.9052014652014653 0.15650741350906094 0.13321123321123315
0 0.3624382207578254 0.7672771672771672 0.1301482701812191 0.2005616605616604
0 0.7557660626029654 0.6264957264957265 0.13920922570016475 0.17775335775335765
0 0.32825370675453047 0.6693894993894993 0.15074135090609556 0.18358974358974353
0 0.39332784184514 0.9553724053724054 0.13591433278418452 0.0699633699633698
0 0.7248764415156508 0.15323565323565325 0.12520593080724876 0.1685470085470085
0 0.6536243822075782 0.08961538461538461 0.128500823723229 0.17923076923076922
0 0.4715815485996705 0.024114774114774112 0.11943986820428336 0.048229548229548225
0 0.25205930807248766 0.3518681318681319 0.14332784184514002 0.1833699633699634
0 0.37602965403624383 0.2690720390720391 0.12602965403624383 0.17296703296703295
0 0.39415156507413507 0.09021367521367522 0.13509060955518945 0.18042735042735045
0 0.26935749588138386 0.20520146520146518 0.1400329489291598 0.18986568986568986
0 0.2854200988467875 0.08956043956043956 0.12602965403624383 0.17912087912087912
0 0.5395387149917628 0.32411477411477413 0.12685337726523888 0.18947496947496947
0 0.6046128500823723 0.6600976800976801 0.14497528830313014 0.17572649572649565
0 0.4559308072487644 0.5875824175824176 0.12026359143327842 0.162905982905983
0 0.5444810543657331 0.4646275946275947 0.12602965403624383 0.1597802197802199
0 0.7215815485996705 0.7522344322344322 0.14827018121911037 0.1978021978021978