0 0.2006861063464837 0.12616323417238748 0.15620354488279015 0.19140605136028474
0 0.6470554602630074 0.8012458682939232 0.1346483704974271 0.18657513348588856
0 0.42552887364208114 0.3433384185100432 0.13487707261292164 0.19115179252479017
0 0.2908805031446541 0.9125413170607679 0.14208118925100063 0.17491736587846424
0 0.5400228702115495 0.8175565725908975 0.14608347627215565 0.22773963895245364
0 0.2594053744997141 0.6699720315280956 0.16449399656946823 0.2208237986270023
0 0.8012006861063465 0.5590643274853802 0.14534019439679818 0.1958047292143402
0 0.34353916523727845 0.5707602339181287 0.14568324757004003 0.20266971777269271
0 0.30254431103487706 0.4242944317315027 0.1660949113779303 0.218738876175947
0 0.5357632933104631 0.4764047800661073 0.1487707261292167 0.21327231121281462
0 0.4405374499714122 0.6351512840071193 0.1346483704974271 0.18657513348588856
0 0.35491709548313327 0.7387363335875922 0.13790737564322467 0.18354945334350367
0 0.20914808461978274 0.7646707348080347 0.1534591194968553 0.23885075006356463
0 0.18882218410520296 0.562649377065853 0.15586049170954827 0.21866259852529873
0 0.19725557461406518 0.4243198576150522 0.14665523156089194 0.20505975082634115
0 0.09654088050314465 0.6608949911009409 0.13304745568896512 0.20572082379862694
0 0.37938822184105203 0.8941711161962878 0.15225843339050885 0.21165776760742455
0 0.08590623213264723 0.3713068904144419 0.14596912521440822 0.22545130943300284
0 0.04576901086335049 0.29318586320874646 0.07152658662092623 0.18591406051360276
0 0.48090337335620353 0.8969870327993898 0.13236134934248137 0.19199084668192215
0 0.1483704974271012 0.8621027205695398 0.13453401943967983 0.20134757182812088
0 0.664694110920526 0.9613971523010425 0.1433390508862206 0.07720569539791493
0 0.757661520869068 0.7540808543096872 0.1680960548885077 0.22466310704296955