0 0.49375 0.5614583333333333 0.10859375 0.14479166666666668
0 0.3109375 0.1359375 0.12265625 0.16666666666666666
0 0.41953125 0.08489583333333334 0.13828125 0.16875
0 0.1578125 0.5546875 0.1421875 0.15729166666666666
0 0.162890625 0.70625 0.12578125 0.18229166666666666
0 0.340234375 0.35520833333333335 0.1125 0.15104166666666666
0 0.27265625 0.5104166666666666 0.1390625 0.17708333333333334
0 0.2921875 0.6354166666666666 0.1171875 0.153125
0 0.323046875 0.7885416666666667 0.11640625 0.15520833333333334
0 0.413671875 0.7015625 0.11328125 0.15208333333333332
0 0.242578125 0.8776041666666666 0.128125 0.190625
0 0.38515625 0.5567708333333333 0.1078125 0.15104166666666666
0 0.436328125 0.41770833333333335 0.1078125 0.14791666666666667
0 0.56484375 0.7458333333333333 0.14140625 0.171875
0 0.594140625 0.5484375 0.11640625 0.17916666666666667
0 0.766015625 0.5140625 0.13515625 0.18541666666666667
0 0.71171875 0.41770833333333335 0.13203125 0.18645833333333334
0 0.5921875 0.38333333333333336 0.1171875 0.18020833333333333
0 0.519921875 0.4192708333333333 0.13125 0.17916666666666667