0 0.4375 0.39739583333333334 0.1046875 0.14791666666666667
0 0.314453125 0.13020833333333334 0.11875 0.165625
0 0.42109375 0.0828125 0.13515625 0.16458333333333333
0 0.176171875 0.5640625 0.121875 0.16979166666666667
0 0.2296875 0.7119791666666667 0.12890625 0.15520833333333334
0 0.146875 0.26927083333333335 0.12109375 0.16666666666666666
0 0.13671875 0.42552083333333335 0.13671875 0.15625
0 0.340234375 0.6666666666666666 0.1125 0.15625
0 0.427734375 0.7734375 0.1328125 0.16979166666666667
0 0.476953125 0.6484375 0.10859375 0.14895833333333333
0 0.325 0.8604166666666667 0.128125 0.190625
0 0.306640625 0.5260416666666666 0.11640625 0.14583333333333334
0 0.584765625 0.7 0.11640625 0.17604166666666668
0 0.68203125 0.6083333333333333 0.13671875 0.15520833333333334
0 0.765234375 0.5104166666666666 0.12421875 0.18333333333333332
0 0.721484375 0.39479166666666665 0.12578125 0.184375
0 0.61015625 0.36770833333333336 0.1203125 0.18125
0 0.5203125 0.5135416666666667 0.109375 0.14791666666666667
0 0.515625 0.396875 0.13125 0.17604166666666668
0 0.62734375 0.51875 0.12109375 0.18125
0 0.3375 0.31614583333333335 0.12109375 0.15
0 0.2671875 0.3859375 0.13046875 0.15833333333333333