0 0.4486919219382514 0.5440217391304348 0.143773790103317 0.1999597423510468
0 0.41176968159023625 0.285889694041868 0.12162407105310856 0.17495974235104667
0 0.5629116065494532 0.1099436392914654 0.12540027792882616 0.12101449275362319
0 0.5076762733369584 0.2099838969404187 0.11833121865748279 0.16920289855072465
0 0.6816144039635067 0.1173107890499195 0.1440819285843757 0.10873590982286635
0 0.7430004229351701 0.3055354267310789 0.12489879765573077 0.17745571658615134
0 0.6687088393450547 0.5303945249597424 0.13814271041024706 0.2135265700483092
0 0.6237598936620145 0.24808776167471822 0.12327351821642187 0.17838164251207728
0 0.5464352607093227 0.35791062801932366 0.12078424264394896 0.1705314009661836
0 0.6596278170503292 0.40225442834138486 0.11908041810162537 0.15732689210950082
0 0.19012446377862363 0.37222222222222223 0.13404023926046763 0.2087761674718196
0 0.8096852153948402 0.2011876006441224 0.14293396169415762 0.1955314009661836
0 0.5165186393571385 0.8949275362318841 0.14869796386925271 0.20587761674718194
0 0.44231466376653983 0.8103864734299516 0.14948945683040307 0.2016103059581321
0 0.23214609389160773 0.2268317230273752 0.13391940064044472 0.18703703703703703
0 0.41877227962056673 0.6411231884057972 0.1444806960304514 0.18047504025764885
0 0.5480242885626245 0.6593196457326893 0.1436589934142952 0.1793075684380033
0 0.559410307534288 0.5196054750402577 0.11423478943870455 0.16553945249597424
0 0.4497462388979518 0.42775764895330115 0.11830100900247713 0.16376811594202906