0 0.476171875 0.6463541666666667 0.109375 0.153125
0 0.583984375 0.6984375 0.1171875 0.17916666666666667
0 0.763671875 0.5104166666666666 0.1234375 0.18020833333333333
0 0.723828125 0.3932291666666667 0.12265625 0.18333333333333332
0 0.388671875 0.23072916666666668 0.11953125 0.17395833333333333
0 0.257421875 0.3859375 0.11171875 0.16041666666666668
0 0.68046875 0.609375 0.140625 0.16354166666666667
0 0.301953125 0.5260416666666666 0.11171875 0.15
0 0.61484375 0.36770833333333336 0.11953125 0.17708333333333334
0 0.625 0.5135416666666667 0.125 0.18125
0 0.524609375 0.5104166666666666 0.1078125 0.14791666666666667
0 0.430078125 0.5328125 0.1234375 0.16875
0 0.5203125 0.3875 0.13515625 0.16770833333333332
0 0.333984375 0.31145833333333334 0.1078125 0.13958333333333334
0 0.334765625 0.6671875 0.11328125 0.15104166666666666
0 0.49609375 0.8213541666666667 0.11484375 0.19270833333333334
0 0.422265625 0.7697916666666667 0.12734375 0.175
0 0.327734375 0.8578125 0.13046875 0.19166666666666668
0 0.228515625 0.7104166666666667 0.12890625 0.15104166666666666
0 0.1375 0.428125 0.1359375 0.165625
0 0.475 0.17395833333333333 0.11796875 0.171875
0 0.17421875 0.5671875 0.12578125 0.18229166666666666
0 0.150390625 0.26979166666666665 0.12578125 0.16770833333333332
0 0.409765625 0.07083333333333333 0.12265625 0.140625
0 0.3140625 0.13489583333333333 0.12265625 0.16666666666666666
0 0.449609375 0.36614583333333334 0.109375 0.146875
0 0.359765625 0.4239583333333333 0.12109375 0.16875
0 0.53515625 0.2484375 0.13046875 0.17395833333333333