0 0.6112858141160029 0.19533435036867533 0.15154056286131748 0.22103568098991444
0 0.24391398259322786 0.15524620730570388 0.16946191474493363 0.2196372573946945
0 0.47098977193316816 0.5785447919315196 0.13711962391207666 0.18035426731078896
0 0.1579188107489994 0.49580472921434027 0.12802871482116765 0.21073819815238584
0 0.5987834318022998 0.891410289007543 0.1432246998284734 0.16124247817611656
0 0.6304586747982974 0.7922069666920926 0.16052982656756254 0.21006017459106707
0 0.4873070325900515 0.885498771082295 0.1535480592084365 0.18459191456903146
0 0.5300647989327234 0.7103779981354352 0.14438091607902923 0.19099076192897724
0 0.6683565211867097 0.6430205949656751 0.16369353916523738 0.2033646919230442
0 0.2176831205133092 0.7640689888973642 0.14334540372276222 0.18637172641749303
0 0.6037926434152849 0.01827485380116959 0.14472396925227116 0.03654970760233918
0 0.6222317514770345 0.31013221459445717 0.13147195222666921 0.1892109500805154
0 0.1939584524490185 0.2953216374269006 0.15570802363255193 0.19611831511145011
0 0.23219299917413128 0.03513009577082803 0.16511657455053677 0.07026019154165607
0 0.737116447493806 0.16228070175438594 0.14875802045613368 0.19349097381133992
0 0.506127310844292 0.22508263412153573 0.15940537449971423 0.2031528095601322
0 0.5050759163966712 0.02411221289939825 0.14250682929928205 0.0482244257987965
0 0.3691919191919192 0.03722773116365794 0.14669334858014108 0.07445546232731588
0 0.4943904453338416 0.1086108992287482 0.16459564195413257 0.20455123315535215
0 0.3608697033225335 0.614819052462073 0.15760116892192366 0.2007797270955166
0 0.49115685153421 0.3679972879057547 0.1379772568451813 0.18039664378337142
0 0.38171018359697606 0.47504025764895336 0.13383520742011312 0.16192050173743533
0 0.3490216631726066 0.26995931858632083 0.1642398831078076 0.19539791507754894
0 0.39132520170256013 0.359797440461056 0.16761323931135252 0.21612001017035345
0 0.3725208055396735 0.7775447071785745 0.158369862143447 0.19853377404864841
0 0.24861508163394958 0.3976820069497415 0.162569087097389 0.19645732689210949
0 0.3901276920144845 0.1263242647682007 0.15232196175592405 0.19709297398084585
0 0.23921605997077694 0.5734384269853378 0.15281113016962075 0.20967878633782522
0 0.5257893399402833 0.5010382235782693 0.16016136204815454 0.22260361047546415
0 0.667724413950829 0.07754894482583269 0.14826885204243687 0.15509788965166538
0 0.7692522711390637 0.425629290617849 0.15881456070135327 0.20997542164590216
0 0.6221872816212438 0.4654419866090347 0.13206276602503017 0.1823883379947453
0 0.7400800457404232 0.3282905330960251 0.17633568388285353 0.19827951521315368