0 0.11385750156936597 0.8850511144628792 0.14935342121782802 0.20064521535109778
0 0.18355304456999375 0.15240908329143624 0.14510985561833015 0.19917881682587565
0 0.5958286252354049 0.6522708228590581 0.14772755806654103 0.2129545835428188
0 0.265593220338983 0.2692768560415619 0.14424356559949775 0.1957181163063516
0 0.44798493408662904 0.21240992123345062 0.13575015693659764 0.19165409753645046
0 0.7097394852479598 0.553854533266298 0.14601381042059008 0.20942684766214176
0 0.07481167608286253 0.26569465392994807 0.14767733835530447 0.2039048097871627
0 0.44299748901443814 0.8414739400033517 0.1442749529190208 0.20137422490363643
0 0.48565285624607657 0.5070722306016423 0.14514752040175777 0.2059661471426178
0 0.6803327055869429 0.8311882017764372 0.14429378531073464 0.2047678900620077
0 0.2667639673571877 0.7094226579520696 0.1434400502197112 0.2035696329813979
0 0.391487758945386 0.6497611865258924 0.15025109855618332 0.2097620244679067
0 0.6011173885750156 0.3066783978548684 0.1365913370998118 0.19058991117814653
0 0.18933145009416194 0.5061798223562929 0.139158819836786 0.1953159041394335
0 0.7514940364092907 0.4390774258421317 0.15887005649717517 0.23645047762694824
0 0.8349497802887632 0.27629881012233953 0.17833647206528563 0.23346740405563937
0 0.07387633396107972 0.6318795039383274 0.13745762711864407 0.19405061169767038
0 0.36660075329566855 0.36653678565443265 0.14693032015065918 0.22193732193732185
0 0.9249670433145011 0.5463088654265125 0.15006591337099792 0.20550527903469087
0 0.3187664783427495 0.4551994301994302 0.13660389202762088 0.19285235461706055
0 0.5307689893283114 0.09066323110440758 0.14003138731952308 0.18132646220881515
0 0.9238637790332705 0.10403469079939669 0.1180163214061518 0.20155857214680742
0 0.3339202762084118 0.06307189542483661 0.13887633396107973 0.12614379084967323