0 0.4049224184055644 0.08913077960187167 0.15889067237381851 0.17826155920374334
0 0.7567623803578859 0.423558569275914 0.1517626776053742 0.1856134507098104
0 0.29479222400570715 0.4420453644222381 0.15608465608465613 0.1995717344753747
0 0.2676624457523334 0.539765247045761 0.17069734260745495 0.20720913633119198
0 0.35763034302360147 0.30756205884685545 0.13552107484691756 0.17688952335633285
0 0.5100885797515011 0.05457213101752716 0.1405623922477855 0.10914426203505433
0 0.7106533499791926 0.5161115076532635 0.1561797752808988 0.2038543897216275
0 0.7482729920932167 0.04534459513046237 0.13218001307888938 0.09068919026092474
0 0.3166488318173712 0.7213339678007772 0.16345044884370724 0.20606709493219133
0 0.42741810831698474 0.8835514315171702 0.14227453778015584 0.19194226346260618
0 0.3064086558468581 0.16992227773812354 0.13840437548302717 0.19832659211674203
0 0.3977409190892337 0.4870766912522801 0.1362047440699125 0.1715441351415655
0 0.38342548005469357 0.637679435323975 0.1525176862255513 0.1834800539297328
0 0.5510463111586706 0.86573082718693 0.15919980976160747 0.19532080260131665
0 0.6300992806610785 0.7926639701800301 0.15669698591046913 0.19101435482591797
0 0.6985583496819452 0.3149020540883496 0.154241721657452 0.1888492346736459
0 0.5578592235895606 0.1604766436672218 0.14191784079424527 0.17588230628915852
0 0.44309196837286724 0.7398961059560631 0.14912311990963684 0.21127765881513197
0 0.45932168123179357 0.24176778491553652 0.13467094703049756 0.17474026489015781
0 0.6335800487485881 0.6421682924894917 0.15664942631234768 0.18887302720279164
0 0.5243297069139765 0.6748394004282655 0.15988347898460262 0.1899754143865493
0 0.5097318827655907 0.5416567531128559 0.13212056358123778 0.168292489491633
0 0.47645205398014384 0.4166904591958125 0.15032399976220212 0.19309223570465534
0 0.6023066405088877 0.5171821714648267 0.15228583318470962 0.20916805456420012
0 0.6065275548421616 0.4180823221508446 0.13136555496106064 0.1704258862717107
0 0.5470245526425301 0.3051550479816005 0.15025266036501997 0.18988024426996583
0 0.21155400986861664 0.3266753905940202 0.16906842637179711 0.20612261083353156
0 0.7877890731823315 0.19407962566420808 0.1471137268890079 0.19306051233246097
0 0.6277450805540693 0.2529542390356095 0.12567623803578862 0.16715837893568083
0 0.7571428571428571 0.7298318661273693 0.15596575708935254 0.194218415417559
0 0.6211699661137863 0.03259973035133635 0.13640092741216334 0.0651994607026727