0 0.5673222161802912 0.2473228663446055 0.15781523774998493 0.20527375201288245
0 0.4012748474412422 0.5946054750402575 0.13177451513503724 0.17560386473429962
0 0.7229774635973658 0.5504830917874396 0.1515920488188024 0.18623188405797092
0 0.49652588967433986 0.6560386473429953 0.14784605159809064 0.19778582930756852
0 0.48478943870461 0.3800925925925926 0.1576943991299619 0.20092592592592592
0 0.5002114675850402 0.5252415458937199 0.12938795238958364 0.177536231884058
0 0.5902664491571507 0.7509259259259259 0.14606368195275196 0.19219001610305955
0 0.6235121744909673 0.6300925925925926 0.125883632408918 0.16851851851851843
0 0.597184460153465 0.5315619967793881 0.14993051779348676 0.21425120772946857
0 0.6053712766600206 0.4017512077294686 0.15672769016977836 0.19541062801932374
0 0.8230016313213703 0.8129227053140097 0.14446257023744805 0.19311594202898535
0 0.8517763277143375 0.6775563607085346 0.11120174007612808 0.19633655394524951
0 0.6136940366141019 0.97710346215781 0.13397981995045605 0.04579307568437996
0 0.5036100537731859 0.9570048309178744 0.14624493988278656 0.08599033816425118
0 0.7343060842245182 0.9712761674718197 0.13914567095643768 0.05744766505636058
0 0.6335870944353816 0.8901570048309179 0.13787686544619654 0.19029790660225449
0 0.4029816929490665 0.7877214170692431 0.1343725454655309 0.18128019323671504
0 0.2562836082411939 0.8068438003220612 0.16624373149658628 0.21586151368760068
0 0.3470183070509335 0.4423711755233495 0.15331399915412972 0.18965378421900167
0 0.38281674823273515 0.920138888888889 0.13570177028578329 0.1597222222222221
0 0.5169476164582201 0.8347423510466989 0.1294483716995952 0.1797101449275364
0 0.685562805872757 0.7847222222222222 0.11878436348256897 0.1764895330112722
0 0.3137725817171168 0.6656400966183575 0.15065554951362456 0.21107085346215784
0 0.4075584556824361 0.3085144927536232 0.13784665579119088 0.2184782608695652
0 0.4710138360219926 0.1917471819645733 0.15772460878496772 0.20201288244766505