0 0.5241708825182687 0.8368206408655846 0.14393229654612452 0.2129255097794423
0 0.3003403909812004 0.4726799833541407 0.15486228218100054 0.2125593008739075
0 0.6334238960714509 0.7210528506034124 0.13659359190556492 0.1911111111111112
0 0.6495534320154894 0.5343404078235539 0.1346261944912871 0.18088223054515187
0 0.37302479545312595 0.23439866833125259 0.14677409281119236 0.19405742821473157
0 0.1779870089313597 0.6661714523512277 0.13959153082255948 0.17786100707449023
0 0.4274405096496159 0.5171660424469413 0.14418212478920742 0.1916354556803995
0 0.1806258197489226 0.2987182688306284 0.12388358003872332 0.18799001248439454
0 0.2926113297108238 0.8264669163545568 0.1424333270876272 0.18927174365376614
0 0.32805571169820746 0.6563628797336662 0.1469302354631191 0.19967540574282133
0 0.5359908812691275 0.4720973782771536 0.14702392105427525 0.2030461922596754
0 0.39913184685528696 0.8847107781939242 0.15064643057897703 0.18198918019142735
0 0.4470207982012367 0.16087806908031627 0.15726687902067343 0.20823970037453182
0 0.5633626881518956 0.06962130669995839 0.1582661919930048 0.13924261339991678
0 0.5324308288051964 0.645605493133583 0.1513646867778402 0.20783187682064083
0 0.43552869901942415 0.04714107365792759 0.15929673349572165 0.09428214731585519
0 0.45033102242208484 0.7079109446525178 0.13293985385047766 0.18076570952975438
0 0.6773936668540379 0.3956013316687474 0.15533071013678093 0.19913441531419068
0 0.5891262257198177 0.3013316687473991 0.14549372306539263 0.2085476487723679
0 0.21939604022234713 0.5236912193091968 0.15077134470051837 0.18648356221389928
0 0.5054493785522454 0.9199791926758218 0.13899818874523756 0.09595505617977539