0 0.22847409808511915 0.20020041686708356 0.15193589050963438 0.19723424723424726
0 0.31665165976349124 0.09354858104858105 0.1604658142745663 0.1870971620971621
0 0.38652680232907133 0.8715408048741381 0.16128218980731138 0.20732724066057387
0 0.630226904376013 0.8385882635882637 0.1496968605558556 0.2014670514670515
0 0.7332342877723753 0.6718895302228636 0.17134281769614024 0.21528779862113215
0 0.25894711567320966 0.024306557639890973 0.13053604658142742 0.048613115279781946
0 0.3242601596734498 0.4744949494949496 0.1639534185725434 0.21283469616802944
0 0.4781859655441504 0.2569945486612153 0.15765652200012004 0.1985409652076319
0 0.42407107269343897 0.3729717813051146 0.13815355063329135 0.17832291165624492
0 0.4333753526622246 0.4728876062209395 0.16014166516597647 0.21808561808561816
0 0.5553514616723693 0.36777697611030946 0.15861096104207928 0.20181978515311852
0 0.528531124317186 0.49514189514189516 0.1389159013146047 0.17727272727272736
0 0.5211147127678732 0.6298701298701299 0.16738099525781858 0.19892576559243233
0 0.4085809472357284 0.6001723585056918 0.16413950417191905 0.19879749879749878
0 0.563326130019809 0.19074474907808242 0.14158713007983673 0.18278018278018274
0 0.6067501050483222 0.6936988936988937 0.15780659103187467 0.22015392015392016
0 0.46035776457170297 0.11133958633958634 0.14730776157032238 0.1840869007535674
0 0.3253856774116093 0.27117203783870447 0.16166036376733292 0.19761904761904764
0 0.42142985773455793 0.7525292608625943 0.16175640794765575 0.19978354978354967
0 0.5107119274866438 0.8162137245470579 0.16323308722012134 0.19660092993426323
0 0.6613452188006482 0.5885441718775052 0.1597995077735758 0.19214365881032558
0 0.638795846089201 0.43711319544652877 0.14306380935230212 0.17959756293089635
0 0.39355603577645715 0.20667789001122333 0.13233687496248267 0.17485169151835817
0 0.6692688636772915 0.2548540965207632 0.14249354703163464 0.18497675164341837
0 0.7729065370070232 0.4865560365560366 0.17873221681973717 0.21774090107423433
0 0.7401494687556276 0.38865239698573034 0.16376133021189743 0.20850569183902512
0 0.8176931388438682 0.2701218534551868 0.17787382195810078 0.21662658329324996
0 0.7137703343538028 0.11432178932178931 0.1458851071492888 0.20671797338464007
0 0.4997028633171259 0.030447330447330445 0.13878984332793085 0.06089466089466089
0 0.27267543069812117 0.3822150072150072 0.15994357404406032 0.19539041205707883
0 0.6083288312623807 0.06450016033349366 0.16050183084218744 0.12900032066698733
0 0.38686295696020173 0.009900593233926568 0.13353142445524946 0.019801186467853137
0 0.28843568041299 0.6916586499919833 0.16433159253256494 0.2031265031265031