0 0.5044432797577452 0.07925692988586071 0.13262287444677373 0.12348008385744236
0 0.1940892150011647 0.29328364003416413 0.14642441183321683 0.18680798198617898
0 0.1615071045888656 0.4416297849211895 0.14814232471465177 0.20780340088516197
0 0.6172111576985791 0.08476201568444754 0.1523701374330305 0.12635297771566115
0 0.34382716049382717 0.3086497398866372 0.1354588865595155 0.1696327354608277
0 0.49957780107151173 0.17987033154748042 0.1416666666666667 0.20336206227191553
0 0.5705712788259958 0.23045267489711935 0.13504542278127188 0.17798742138364776
0 0.6873777078965758 0.26026865439863345 0.1365711623573259 0.1770013199782592
0 0.6262229210342418 0.3870098610140539 0.13490566037735843 0.17484276729559745
0 0.7511413929652924 0.14570618836866217 0.16492546005124617 0.19695628542588708
0 0.40008735150244584 0.44265470921655403 0.1294898672257163 0.1589331469834615
0 0.6658135336594456 0.5859849367186893 0.15304565571861167 0.21218262287444678
0 0.5184573724668065 0.6410668530165385 0.1547460982995575 0.1798120972125166
0 0.5006464011180993 0.8734762015684447 0.16220009317493586 0.20626601444211512
0 0.42517179128814353 0.8085410357947045 0.162799906825064 0.20210420063669549
0 0.39393780573025855 0.6518984393198229 0.15548567435359892 0.17879493749514702
0 0.5240740740740741 0.5058311980743847 0.12889005357558805 0.16309496078888114
0 0.41769450267877944 0.5515063281310661 0.15720358723503383 0.19979035639412987