0 0.516816009557945 0.534599761051374 0.1424492234169654 0.20109916367980873
0 0.32821684587813627 0.593910792512943 0.12437275985663078 0.16976503385105549
0 0.15378733572281958 0.40312624452409396 0.15026284348864996 0.17907606531262454
0 0.26510752688172046 0.4707566706491438 0.12111111111111104 0.16631620868180005
0 0.1528494623655914 0.24608124253285543 0.1368399044205496 0.20393468737554754
0 0.31973715651135004 0.1576025487853445 0.12603345280764636 0.17417761847869373
0 0.49141278375149344 0.245810434090004 0.15284946236559138 0.19429709279171642
0 0.28518518518518515 0.31656312226204697 0.12681600955794503 0.17208283552369577
0 0.3722132616487456 0.4133134209478296 0.12114695340501788 0.16954201513341294
0 0.3967741935483871 0.2631142970927917 0.11225209080047784 0.1667781760254879
0 0.4076881720430108 0.8821903624054162 0.14875746714456395 0.188641975308642
0 0.23731780167264038 0.08667463162086818 0.1391517323775388 0.17334926324173636
0 0.7723118279569893 0.43084826762246115 0.14655316606929503 0.20782954998008762
0 0.7149193548387097 0.5316646754281162 0.1433393070489844 0.2086818000796496
0 0.296968339307049 0.8322739944245321 0.13261648745519705 0.1864516129032259
0 0.5910543608124254 0.569820788530466 0.12793309438470732 0.20009557945041823
0 0.5956182795698924 0.3994822779769016 0.12711469534050182 0.19896455595380316
0 0.4909976105137395 0.3900358422939068 0.11863201911589015 0.16077260055754675
0 0.43090501792114705 0.5383870967741935 0.1170788530465951 0.1660374352847471