0 0.4391305712492153 0.447871627283392 0.12126177024482115 0.16895424836601314
0 0.7784777150031388 0.6934137757667169 0.14014438166980545 0.19192223898106245
0 0.8111424984306339 0.5348583877995643 0.11580665411173892 0.2114714261773086
0 0.4332988072818581 0.8970336852689794 0.1311676082862524 0.1460030165912518
0 0.3099937225360954 0.9067873303167421 0.15145637162586315 0.14308697838109596
0 0.6014500941619586 0.6610775934305346 0.12642184557438788 0.17614379084967333
0 0.4728593848085373 0.765623428858723 0.14888261142498438 0.21634824870118985
0 0.37192718141870684 0.743091168091168 0.12903954802259884 0.18313222724987432
0 0.24830194601381042 0.7054005362828893 0.13072190834902697 0.18213507625272318
0 0.3221971123666039 0.570144126026479 0.12812931575643433 0.1774090832914362
0 0.18091964846202133 0.8260139098374393 0.14362209667294415 0.20010893246187356
0 0.4390803515379786 0.6049773755656108 0.12634651600753302 0.16935646053293124
0 0.5538606403013182 0.5241285403050109 0.12379158819836791 0.16802413273001504
0 0.2915819209039548 0.3533014915367857 0.1446829880728186 0.21940673705379585
0 0.4530320150659134 0.3015376235964472 0.15021343377275578 0.18367688955924258
0 0.4866635279347144 0.07820093849505615 0.1554865034526051 0.1564018769901123
0 0.5633647206528563 0.12553628288922408 0.1563967357187696 0.20677057147645383
0 0.5872849968612681 0.2971342383107089 0.1510734463276838 0.18487514663985252
0 0.5556277463904582 0.40305429864253395 0.15045197740112992 0.2051701022289257