0 0.6966935483870969 0.4190800477897252 0.14238351254480294 0.20356033452807648
0 0.38622759856630823 0.881899641577061 0.15177419354838714 0.20040621266427713
0 0.6575358422939068 0.5797132616487455 0.14802867383512552 0.20422939068100365
0 0.2993727598566308 0.9594563918757467 0.1494623655913979 0.0810872162485065
0 0.19337813620071684 0.9041338112305854 0.15910394265232974 0.19173237753882919
0 0.5804838709677419 0.3760454002389486 0.14263440860215063 0.18332138590203112
0 0.690331541218638 0.7949342891278375 0.15290322580645155 0.18133811230585417
0 0.5451702508960574 0.6558064516129033 0.14539426523297483 0.20071684587813604
0 0.7398566308243728 0.5092712066905615 0.14424731182795708 0.18351254480286736
0 0.6095967741935484 0.8232974910394266 0.1399103942652329 0.1904659498207884
0 0.5436379928315412 0.5141935483870967 0.1403405017921148 0.19691756272401434
0 0.4383602150537635 0.526642771804062 0.1539964157706093 0.18573476702508962
0 0.5444713261648745 0.9367921146953405 0.15141577060931893 0.12641577060931894
0 0.5831003584229391 0.23925925925925928 0.15815412186379926 0.20009557945041812
0 0.30957885304659494 0.4832019115890084 0.15675627240143367 0.2031302270011948
0 0.5141487455197132 0.9975507765830346 0.13743727598566308 0.004898446833930813
0 0.42834229390681 0.6891039426523298 0.15268817204301088 0.1781123058542413
0 0.29845878136200715 0.6195221027479092 0.1497491039426523 0.18203106332138577
0 0.49482078853046596 0.8075268817204301 0.14913978494623661 0.19689366786140977
0 0.285663082437276 0.83584229390681 0.15611111111111112 0.19345280764635595
0 0.4536021505376344 0.3528793309438471 0.14890681003584225 0.20540023894862594
0 0.7305824372759857 0.6544802867383513 0.15525089605734774 0.18054958183990436
0 0.4184050179211469 0.9463560334528076 0.13143369175627248 0.10728793309438477