0 0.35120527306967986 0.13262108262108263 0.14133709981167614 0.18928272163566282
0 0.9047489014438166 0.5126696832579186 0.1541431261770243 0.17258253728841963
0 0.9188763339610798 0.22310206133735544 0.14228499686126778 0.19156192391486507
0 0.7421280602636535 0.841758840288252 0.16421845574387953 0.1897352103234455
0 0.8904519774011299 0.7105245517010224 0.14722536095417443 0.2074828221887044
0 0.06502824858757063 0.6418049270990448 0.13005649717514126 0.194209820680409
0 0.07909761456371625 0.8699011228422993 0.1581952291274325 0.17958773252890892
0 0.8500251098556183 0.856913021618904 0.12912115505335858 0.18112954583542829
0 0.21749215317011927 0.09714261773085302 0.14128060263653483 0.16893748952572485
0 0.04257062146892655 0.41048265460030164 0.0851412429378531 0.18974358974358976
0 0.041098556183301944 0.12129629629629629 0.08219711236660389 0.20413105413105412
0 0.08425925925925927 0.7291142952907659 0.15585059635907095 0.2110440757499581
0 0.05510357815442562 0.2800192726663315 0.11020715630885124 0.1799480475951064
0 0.0725894538606403 0.5091209988268812 0.1451789077212806 0.18958438076085138
0 0.7260734463276836 0.1621124518183342 0.13021971123666035 0.1868024132730015
0 0.11437539234149403 0.3277735880677057 0.1495668549905838 0.20300821183174128
0 0.18891086001255492 0.6836308027484498 0.13779661016949155 0.18582202111613874
0 0.3407156308851224 0.8083459024635495 0.14527934714375393 0.20179319591084305
0 0.8322818581293158 0.08156108597285067 0.14052102950408032 0.13275515334338864
0 0.4362241054613937 0.21412351265292442 0.1442310106716886 0.1972515501927266
0 0.6175455116133082 0.3999958102899279 0.14482736974262392 0.19161220043572993
0 0.5214030131826741 0.33978548684431037 0.13021343377275585 0.16758840288252053
0 0.4439516635279347 0.3648609016256075 0.1600816070307597 0.19191385956091847
0 0.5393408662900189 0.5184640522875816 0.14752040175768993 0.19505614211496577
0 0.4367545511613309 0.4983199262611027 0.12856873822975529 0.1686861069214009
0 0.33044569993722533 0.5047092341209989 0.14373509102322665 0.20515334338863758
0 0.33939736346516014 0.34128121334003686 0.14607658505963597 0.2006787330316742
0 0.678502824858757 0.5076294620412267 0.1329064657878217 0.17103234456175637
0 0.28965160075329566 0.6307105748282219 0.16157564344005018 0.18742249036366693
0 0.7295731324544883 0.3603192559074912 0.1330069052102949 0.17329478800067027
0 0.5899215317011928 0.19112200435729845 0.14338355304456993 0.1972347913524384
0 0.22370684243565597 0.3774886877828054 0.14333333333333334 0.19610356963298145
0 0.18989014438166982 0.5087229763700352 0.15121155053358443 0.20191050779286066
0 0.3882172002510985 0.6745517010222892 0.14004394224733205 0.19829897771074242
0 0.49393596986817323 0.6432419976537623 0.13051475204017587 0.17437573319926275
0 0.6443063402385436 0.27484917043740575 0.13474576271186442 0.1552455170102229
0 0.6318173258003766 0.6612535612535613 0.1348524795982423 0.17672197083961785
0 0.39876333961079724 0.8955421484833249 0.15933458882611426 0.19415954415954395
0 0.5212084118016322 0.7836098541980895 0.1600816070307597 0.19191385956091847
0 0.6073320778405524 0.8402254064018769 0.1525109855618331 0.21210826210826206
0 0.7759039548022598 0.682784481313893 0.14980539861895809 0.17023629964806453
0 0.8598524795982423 0.37761437908496737 0.16117388575015695 0.17837271660801068
0 0.4975674827369742 0.13155270655270654 0.14158819836785924 0.1949388302329479
0 0.8086566227244194 0.5277526395173454 0.14921531701192703 0.1950896597955422
0 0.8122222222222222 0.2945868945868946 0.14676710608914 0.17808781632311044
0 0.2504111738857501 0.19629629629629633 0.1469240426867546 0.20069549187196245
0 0.6341776522284996 0.07311463046757163 0.1401192718141871 0.12370537958773253
0 0.12188637790332706 0.14903217697335344 0.14688010043942246 0.21877828054298645
0 0.2176020087884495 0.8302538964303671 0.13929064657878212 0.18133065191888723