0 0.255078125 0.09322916666666667 0.13359375 0.17708333333333334
0 0.26875 0.5791666666666667 0.12890625 0.17395833333333333
0 0.518359375 0.26614583333333336 0.13203125 0.17291666666666666
0 0.158203125 0.6770833333333334 0.13125 0.18020833333333333
0 0.226171875 0.821875 0.1296875 0.18333333333333332
0 0.660546875 0.390625 0.11640625 0.175
0 0.367578125 0.20104166666666667 0.11484375 0.178125
0 0.45 0.4 0.13046875 0.171875
0 0.5875 0.1765625 0.11796875 0.16666666666666666
0 0.3375 0.30052083333333335 0.1234375 0.16041666666666668
0 0.5515625 0.421875 0.128125 0.159375
0 0.530078125 0.5546875 0.11796875 0.17916666666666667
0 0.2234375 0.36614583333333334 0.125 0.175
0 0.737890625 0.42135416666666664 0.13671875 0.17291666666666666
0 0.54609375 0.7239583333333334 0.13046875 0.18020833333333333
0 0.146484375 0.396875 0.12734375 0.16979166666666667
0 0.4125 0.5479166666666667 0.1125 0.178125
0 0.446875 0.7223958333333333 0.115625 0.17395833333333333
0 0.33515625 0.44895833333333335 0.1265625 0.17083333333333334
0 0.28984375 0.7130208333333333 0.1234375 0.18125
0 0.656640625 0.5557291666666667 0.1328125 0.16979166666666667
0 0.473046875 0.16614583333333333 0.1140625 0.18125
0 0.19140625 0.5265625 0.13359375 0.15104166666666666