0 0.1270845044032228 0.3366416978776529 0.13987258759602775 0.18739076154806497
0 0.6439010680157392 0.27492717436537667 0.13790519018175013 0.20399500624219724
0 0.7821341577665355 0.4548481065334998 0.12883642495784145 0.18406158967956718
0 0.34436949597151956 0.6827507282563462 0.1569233651864343 0.19467332501040377
0 0.7311598276185123 0.6008739076154807 0.12773093498219967 0.17611319184352908
0 0.3967959527824621 0.40441115272575945 0.13801761289113731 0.20736579275905118
0 0.3852257822746862 0.561090303786933 0.13816750983698708 0.21186017478152308
0 0.4908094435075885 0.5658759883478984 0.12344013490725134 0.1734498543487307
0 0.592542626943976 0.5973366625052019 0.14193367060146161 0.1987931751976695
0 0.498182499531572 0.4335830212234707 0.15454375117107 0.19891801914273816
0 0.5753325838486041 0.41583437369954224 0.12508900131159834 0.1724927174365376
0 0.6711354693648117 0.4856013316687474 0.13940415964024747 0.19854348730753224
0 0.4854787333708076 0.28183520599250933 0.14970957466741625 0.20516021639617146
0 0.8855068390481545 0.17082813150228884 0.1387670976203858 0.17944236371202663
0 0.3749297358066329 0.8571161048689138 0.15089001311598274 0.21535580524344552
0 0.23437324339516585 0.7214939658759884 0.14236462432077945 0.18651685393258427
0 0.2800449690837549 0.43008739076154806 0.13929173693086008 0.1951727007906783
0 0.7816001498969459 0.255264253017062 0.13115982761851236 0.20332917186849775
0 0.12143526325651113 0.5440699126092385 0.15201424020985574 0.1986683312526009
0 0.24556867153831743 0.5506866416978776 0.14560614577477982 0.20811485642946312
0 0.43166572981075507 0.7539325842696629 0.13365186434326407 0.2024552642530171
0 0.5475641746299419 0.7157719517270079 0.12615701705077761 0.17931751976695798
0 0.701339703953532 0.3662713275072826 0.12314034101555184 0.164461090303787
0 0.692758103803635 0.7503953391593843 0.13033539441633876 0.1786100707449023
0 0.5231028667790893 0.8955680399500624 0.1512272812441447 0.20886392009987517
0 0.5958216226344388 0.8541198501872659 0.1463743676222596 0.20595089471493966
0 0.6960183623758666 0.9224406991260923 0.15034663668727752 0.15511860174781533
0 0.8063893573168447 0.8055763628797338 0.1471988008244334 0.18027465667915094
0 0.9110548997564175 0.5081564710778194 0.1553119730185496 0.1967540574282147
0 0.5518549747048904 0.20665834373699543 0.13614390106801577 0.2015813566375364
0 0.8645868465430018 0.6585726175613815 0.1449503466366872 0.21364960466084074
0 0.9231216038973207 0.3492717436537661 0.1392542626943976 0.19404910528506034
0 0.3129754543751171 0.24169787765293382 0.14219599025669846 0.20665834373699543
0 0.6883548810192992 0.1468580940491053 0.13762413340828175 0.17037037037037037