0 0.08575376405565086 0.4179633867276888 0.15742328949876122 0.19221967963386727
0 0.6248522965504097 0.9038965166539537 0.143034114732228 0.19220696669209272
0 0.8536497045931009 0.9088927027714213 0.1486754335810938 0.1822145944571573
0 0.8020106727653897 0.2204932621408594 0.14032780636554226 0.19463513857106532
0 0.922145988183724 0.3524535977625222 0.14957118353344775 0.2351894228324434
0 0.9273394320564132 0.8137426900584795 0.10680388793596338 0.18807526061530633
0 0.922317514770345 0.5740783117213323 0.1413379073756434 0.20383930841596748
0 0.24652182199352013 0.8163234172387491 0.1371640937678673 0.2104500381388254
0 0.8725176291214027 0.7549453343503686 0.1510005717552887 0.21812865497076017
0 0.8212025919573088 0.3825451309433003 0.13954640747093586 0.1991609458428681
0 0.6781875357347056 0.23262140859394867 0.1466742900705166 0.2155860666158149
0 0.13663045549838002 0.8939867785405543 0.144463502954069 0.18573607932875658
0 0.5487707261292167 0.8124841088227815 0.15605107680579375 0.21271294177472658
0 0.3704497808271393 0.5917493007882023 0.145645130550791 0.20523773201118733
0 0.4644368210405946 0.670048309178744 0.1306460834762723 0.1792016272565472
0 0.5431865828092244 0.6581108568522755 0.16110158185629883 0.20729722857869326
0 0.4555079092814942 0.4845537757437071 0.14823708785972936 0.20653445207220958
0 0.5569944730322088 0.524930078820239 0.12980750905279193 0.18029494024917367
0 0.664522584333905 0.5376048817696415 0.14501619973318092 0.2189168573607932
0 0.6472079283400037 0.7009280447495551 0.14665523156089194 0.2144419018560895
0 0.3149514008004574 0.4704932621408594 0.13415284924718887 0.18398169336384435
0 0.7115875738517248 0.41784897025171625 0.16359824661711447 0.20287312484108824
0 0.25589860872879744 0.6141622171370456 0.13428625881456072 0.19199084668192215
0 0.3874595006670478 0.8075006356470886 0.14402515723270437 0.21085685227561646
0 0.7655136268343816 0.6850368675311467 0.1440060987230798 0.20971268751589106
0 0.8058128454354869 0.5591533180778032 0.1518200876691444 0.2158911772184083
0 0.6260815704211932 0.34577930333079077 0.1406136840099106 0.21179760996694633
0 0.507242233657328 0.3679379608441393 0.1316180674671241 0.18611746758199843
0 0.33370497427101203 0.7103991863717265 0.128797408042691 0.1710907704042715
0 0.3616447493805985 0.32151029748283755 0.1358871736230226 0.18522756165776763
0 0.6153802172670096 0.1378464276633613 0.16022489041356955 0.2061022120518688
0 0.46498951781970643 0.2245614035087719 0.1526396035829997 0.21365369946605647
0 0.3675242995997713 0.12315026697177728 0.15688965122927392 0.21161962878210017
0 0.24854202401372213 0.2569666920925502 0.1530588907947399 0.18738876175947114
0 0.12717743472460455 0.5595728451563692 0.1598818372403278 0.1855072463768116
0 0.4776157804459691 0.8838545639460971 0.14227177434724605 0.20846681922196775
0 0.18218029350104822 0.40134757182812103 0.151915380217267 0.22161200101703532
0 0.10407852105965314 0.7093821510297483 0.15244901848675432 0.20221205186880245
0 0.728587764436821 0.866094584286804 0.1457975986277873 0.21439105008899054
0 0.3356108252334667 0.9222158657513349 0.1433962264150944 0.15556826849733033