0 0.9136776570738835 0.37155691160267823 0.14856743535988845 0.21061106873463858
0 0.5979766215615271 0.8158954148656666 0.13954640747093586 0.19874565641156028
0 0.6386220697541454 0.1593143486736164 0.1499714122355633 0.20268666836172558
0 0.5643351756559304 0.10813416391219594 0.15501556444952674 0.21626832782439187
0 0.7378597293691633 0.2696203068056615 0.13351121275649575 0.1756081023815578
0 0.9407280350676578 0.5272056953979151 0.11854392986468454 0.1921349266887025
0 0.5295502191728606 0.7355919993219764 0.15335747411219106 0.20171200949232987
0 0.933336509751604 0.8684634291041613 0.13332698049679192 0.17603186710738183
0 0.41380153738644304 0.1452029833036698 0.1546153357474112 0.2120518688024409
0 0.2715202337843847 0.27604034240189845 0.14578489295470426 0.18306636155606407
0 0.8531923003621117 0.21921349266887022 0.15066387141858836 0.1764556318332062
0 0.5902896893462931 0.29754640223747775 0.12926751794676314 0.17654038477837106
0 0.47255256972238097 0.2529239766081871 0.13701797852741252 0.19976269175353845
0 0.2711454164284353 0.4543181625561488 0.14590559684899307 0.20819560979744042
0 0.3193475636871863 0.5780362742605305 0.14319928848230734 0.20463598610051711
0 0.6908392097071342 0.7511229765234342 0.14135061304872623 0.201118738876176
0 0.8310018423225971 0.5768285447919316 0.13215170573661145 0.1846766675141961
0 0.3841337907375643 0.3214891092465463 0.16063147195222668 0.1906517501483177
0 0.7778063655422146 0.424124925841173 0.13084937424560056 0.17319264344435978
0 0.4386284225906868 0.6071065344520722 0.14148402261609808 0.2045512331553522
0 0.42594816085382126 0.4466692092550216 0.14166190203926046 0.20912789219425382
0 0.5338256781653008 0.44764386812441737 0.1264722698684963 0.17069243156199682
0 0.6371609173495966 0.42018391389100773 0.14541642843529645 0.19560979744046114
0 0.5420748364144591 0.5825069921179761 0.15823645257607516 0.19510127976947195
0 0.6202401372212694 0.6038647342995169 0.12814306587891483 0.16963301974743608
0 0.7173464201766088 0.537736248834647 0.14284352963598254 0.19548266802271377
0 0.7403246299472714 0.08572760403424019 0.1535798233911442 0.17145520806848039
0 0.7754844037862906 0.8839308415967455 0.14426021218474064 0.16586151368760074
0 0.7487580204561336 0.6605644546147977 0.12611651102217153 0.1615391134841936
0 0.35421828346356643 0.7677557420120349 0.14572771742583068 0.20361895075853895
0 0.951626326154628 0.6893380794982626 0.09674734769074399 0.18899906771760322