0 0.35121418588399717 0.48961487693143874 0.12962962962962965 0.16379377280844784
0 0.32558525506638714 0.34688252193493285 0.1500524109014675 0.17726531563009548
0 0.48939552760307475 0.09796956285425887 0.15139762403913348 0.18572870564484817
0 0.5724580712788261 0.1465175867691591 0.15368623340321466 0.18491342495535365
0 0.6529437456324249 0.5910202655485673 0.14633123689727454 0.18002174081838665
0 0.5197327044025157 0.7733907912104977 0.1353424178895877 0.16748194735616126
0 0.40436757512229216 0.21362295209255375 0.14107267645003485 0.2065765975619225
0 0.41986373165618446 0.7192134482490876 0.12748078266946192 0.1667054895566425
0 0.5779699510831585 0.29227812718378754 0.14868972746331227 0.18025467815824206
0 0.4695580013976241 0.2842417889587701 0.15232354996505934 0.18790278748350026
0 0.45939902166317265 0.41905427440018633 0.12555904961565348 0.1613091078499884
0 0.430966107617051 0.5468204053109713 0.14274982529699512 0.1848746020653778
0 0.5515024458420685 0.4198501436446929 0.14379804332634516 0.20059787250562938
0 0.5853686233403215 0.6674625359111732 0.11926974143955285 0.16068794161037347
0 0.3178022361984626 0.6803517353831819 0.12840670859538778 0.16887957139529464
0 0.22212613556953179 0.469562854258871 0.16006289308176103 0.17513005668141943
0 0.25154612159329137 0.5671441882133705 0.14860237596086653 0.1906592126717913
0 0.1737246680642907 0.6977055672024225 0.1614605171208945 0.19609441726842153
0 0.2722396925227114 0.8249087662085566 0.13059049615653387 0.18992157776224866
0 0.4761355695317959 0.8943240934855191 0.13434661076170495 0.11740041928721175
0 0.7061233403214535 0.4727851541268732 0.1446191474493361 0.1777700131997826
0 0.37396925227113903 0.8804643217641122 0.15171208944793857 0.1670160726764502
0 0.5962002096436059 0.8798625669694853 0.13705450733752614 0.12287444677381779
0 0.7755503144654088 0.5560020187902787 0.12138364779874221 0.1806817299479774
0 0.7156359189378058 0.6873980899138132 0.14103773584905668 0.18262287444677378
0 0.5584730957372467 0.514442115071046 0.12491264849755418 0.16332789812873666
0 0.5037997903563941 0.6375106762947435 0.1425401816911251 0.1817299479773275
0 0.6578266946191473 0.39477055672024225 0.1480957372466806 0.19477443900923982