0 0.17421875 0.5661458333333333 0.12578125 0.171875
0 0.229296875 0.7171875 0.128125 0.15208333333333332
0 0.268359375 0.38385416666666666 0.1265625 0.15208333333333332
0 0.136328125 0.42552083333333335 0.13671875 0.16041666666666668
0 0.337890625 0.6671875 0.115625 0.15104166666666666
0 0.3265625 0.8588541666666667 0.1296875 0.1875
0 0.427734375 0.7729166666666667 0.1328125 0.175
0 0.31484375 0.13072916666666667 0.11875 0.16354166666666667
0 0.14921875 0.26927083333333335 0.1234375 0.16458333333333333
0 0.30546875 0.5265625 0.115625 0.14583333333333334
0 0.337109375 0.3145833333333333 0.1078125 0.14791666666666667
0 0.583984375 0.7 0.11640625 0.17604166666666668
0 0.6828125 0.6067708333333334 0.13671875 0.15520833333333334
0 0.763671875 0.5119791666666667 0.125 0.18229166666666666
0 0.72109375 0.39479166666666665 0.1265625 0.18125
0 0.60859375 0.3645833333333333 0.1171875 0.18020833333333333
0 0.476171875 0.6463541666666667 0.109375 0.14791666666666667
0 0.503125 0.2359375 0.115625 0.17916666666666667
0 0.436328125 0.3963541666666667 0.10703125 0.15
0 0.51640625 0.39427083333333335 0.13125 0.175
0 0.52265625 0.5140625 0.1140625 0.14479166666666668
0 0.62734375 0.515625 0.11953125 0.17916666666666667
0 0.41171875 0.071875 0.128125 0.14375