0 0.72265625 0.3932291666666667 0.125 0.18125
0 0.476171875 0.6479166666666667 0.1078125 0.15104166666666666
0 0.503515625 0.2296875 0.1125 0.175
0 0.430859375 0.5328125 0.12109375 0.16875
0 0.628515625 0.5151041666666667 0.121875 0.18125
0 0.524609375 0.5125 0.109375 0.146875
0 0.36171875 0.4239583333333333 0.11796875 0.16666666666666666
0 0.44765625 0.36666666666666664 0.103125 0.14375
0 0.51875 0.3890625 0.1328125 0.16979166666666667
0 0.611328125 0.36302083333333335 0.11875 0.18020833333333333
0 0.314453125 0.13229166666666667 0.11875 0.16458333333333333
0 0.411328125 0.0703125 0.1265625 0.13958333333333334
0 0.1375 0.4244791666666667 0.1375 0.16145833333333334
0 0.175 0.5635416666666667 0.121875 0.17291666666666666
0 0.15 0.26875 0.12421875 0.16666666666666666
0 0.26171875 0.3848958333333333 0.1171875 0.15625
0 0.337890625 0.66875 0.11171875 0.153125
0 0.326171875 0.859375 0.13203125 0.190625
0 0.585546875 0.6994791666666667 0.11484375 0.17708333333333334
0 0.22890625 0.7130208333333333 0.125 0.153125
0 0.302734375 0.528125 0.1109375 0.146875
0 0.336328125 0.30572916666666666 0.11015625 0.13333333333333333
0 0.4265625 0.76875 0.13046875 0.17083333333333334
0 0.680859375 0.6057291666666667 0.13828125 0.153125
0 0.763671875 0.5104166666666666 0.12265625 0.18125