0 0.4746942697414396 0.4080712788259958 0.1307651991614257 0.17148846960167718
0 0.5767033542976939 0.45733752620545076 0.13562194269741426 0.17414395527603074
0 0.3236635220125786 0.6963545306312603 0.12519217330538082 0.16978802702073129
0 0.5931254367575122 0.6321802935010482 0.13439902166317258 0.17919869555089676
0 0.7099318658280922 0.40098998369438626 0.16923480083857442 0.21036571162357323
0 0.6710866526904263 0.4981481481481482 0.15545073375262056 0.2024924295364546
0 0.7374825296995108 0.607791754018169 0.1683787561146053 0.20922431865828084
0 0.6255677847658979 0.7656068017703238 0.13736897274633106 0.20034940600978324
0 0.41127707896575816 0.891358024691358 0.138277428371768 0.12038201723736314
0 0.2194793850454228 0.5334730957372467 0.1514675052410902 0.1895411134404845
0 0.15992313067784766 0.759958071278826 0.14802585604472396 0.19641276496622403
0 0.5194357092941998 0.8483810854880038 0.1580538085255065 0.1830421616585139
0 0.30048916841369666 0.9211274167249011 0.13368273934311672 0.08655951549033311
0 0.2666491963661775 0.20030281854181223 0.16208944793850447 0.20847891917074304
0 0.3886879804332634 0.16556021430235268 0.15567784765897974 0.19419986023759608
0 0.47474668064290704 0.09510831586303284 0.1582459818308874 0.19021663172606568
0 0.6096086652690427 0.3088865595154904 0.1512578616352202 0.1863964593524343
0 0.26242138364779877 0.6380969019333799 0.15317959468902864 0.1918238993710692
0 0.379769392033543 0.7848590729093873 0.14140461215932915 0.1789890519450267
0 0.5496942697414395 0.1839156766829723 0.14870719776380154 0.21833216864663404
0 0.48597134870719777 0.7010365711623573 0.13347309573724672 0.17700908455625425
0 0.3667190775681342 0.31375494991847197 0.15553808525506638 0.19210342417889587
0 0.47695667365478683 0.27469135802469136 0.15924178895877017 0.20086186815746568
0 0.49153563941299794 0.5298276263685069 0.14959818308874903 0.19659911483810855
0 0.3815950384346611 0.43574423480083857 0.15057651991614254 0.21127416724901
0 0.36533892382948985 0.5333449802003262 0.13090496156533898 0.17358490566037726
0 0.4087875611460518 0.6420684835779175 0.1493885394828792 0.19345446075005834
0 0.275987071977638 0.44046121593291404 0.1549440950384347 0.20659212671791283
0 0.1774982529699511 0.9175052410901468 0.12983927323549965 0.12250174703004904
0 0.6850716282320056 0.22402748660610294 0.16215932914046122 0.20952713720009314