0 0.553515625 0.1125 0.11796875 0.17291666666666666
0 0.15703125 0.4401041666666667 0.1265625 0.15416666666666667
0 0.681640625 0.14791666666666667 0.11640625 0.14895833333333333
0 0.375390625 0.4713541666666667 0.1140625 0.16770833333333332
0 0.280859375 0.534375 0.1234375 0.16666666666666666
0 0.612109375 0.171875 0.12109375 0.153125
0 0.238671875 0.13177083333333334 0.128125 0.17916666666666667
0 0.481640625 0.23645833333333333 0.12265625 0.15833333333333333
0 0.45625 0.08385416666666666 0.11953125 0.16770833333333332
0 0.644140625 0.32864583333333336 0.125 0.14895833333333333
0 0.574609375 0.29635416666666664 0.128125 0.16666666666666666
0 0.376171875 0.3567708333333333 0.12109375 0.15625
0 0.2046875 0.23229166666666667 0.1234375 0.15625
0 0.754296875 0.2640625 0.1328125 0.15520833333333334
0 0.57578125 0.44114583333333335 0.13828125 0.14791666666666667
0 0.318359375 0.24791666666666667 0.09375 0.14166666666666666
0 0.255078125 0.45260416666666664 0.1171875 0.13541666666666666
0 0.485546875 0.39791666666666664 0.1171875 0.15208333333333332
0 0.396484375 0.23854166666666668 0.1171875 0.15520833333333334
0 0.66015625 0.5067708333333333 0.10390625 0.14270833333333333
0 0.745703125 0.43645833333333334 0.115625 0.17916666666666667
0 0.354296875 0.11145833333333334 0.115625 0.13229166666666667
0 0.246484375 0.3380208333333333 0.12890625 0.14791666666666667
0 0.161328125 0.6635416666666667 0.125 0.15625
0 0.192578125 0.8052083333333333 0.13515625 0.18020833333333333
0 0.31875 0.7786458333333334 0.11953125 0.18229166666666666
0 0.401953125 0.8494791666666667 0.13515625 0.16458333333333333
0 0.26328125 0.6380208333333334 0.12109375 0.14583333333333334
0 0.383203125 0.596875 0.11640625 0.15416666666666667
0 0.418359375 0.6911458333333333 0.12265625 0.159375
0 0.47109375 0.76875 0.11796875 0.178125
0 0.59375 0.8255208333333334 0.11953125 0.17916666666666667
0 0.565625 0.7302083333333333 0.11796875 0.18125
0 0.70390625 0.8708333333333333 0.128125 0.18229166666666666
0 0.76796875 0.7953125 0.1171875 0.19166666666666668
0 0.69453125 0.7104166666666667 0.1390625 0.159375
0 0.723828125 0.5666666666666667 0.13984375 0.15625
0 0.59921875 0.6026041666666667 0.12890625 0.17395833333333333
0 0.49296875 0.5505208333333333 0.12734375 0.153125