0 0.5071107363687465 0.3663295880149812 0.16158890762600728 0.21163545568039957
0 0.5557429267378677 0.5960049937578028 0.16318156267566045 0.23420724094881387
0 0.4302229717069515 0.47622971285892635 0.1617762788083193 0.21725343320848944
0 0.45577103241521455 0.6112359550561798 0.1381112984822934 0.18759051186017475
0 0.4640434701142965 0.7566042446941323 0.16940228592842416 0.21927590511860176
0 0.7404534382611955 0.2862421972534332 0.15238898257448005 0.21278401997503124
0 0.7960089938167509 0.42254681647940073 0.13054150271688203 0.212434456928839
0 0.3818718381112985 0.13660424469413235 0.15409406033352074 0.1883645443196005
0 0.26478358628442944 0.1954931335830212 0.14942851789394787 0.22474406991260926
0 0.7237118231216039 0.5470911360799001 0.16837174442570732 0.21355805243445686
0 0.5328461682593217 0.21652933832709118 0.14519392917369292 0.19850187265917604
0 0.4885797264380738 0.10976279650436954 0.14425707326213236 0.12004993757802745
0 0.16337830241708823 0.34253433208489387 0.1681281618887015 0.2314357053682896
0 0.3127037661607645 0.3449937578027466 0.14347011429642123 0.19717852684144813
0 0.6166385609893198 0.11534332084893882 0.1444631815626758 0.10104868913857676
0 0.4232808694022859 0.2909737827715356 0.14350758853288367 0.1983021223470661
0 0.6699081881206671 0.3963295880149813 0.1633876709762039 0.21520599250936326
0 0.2039535319467866 0.5853558052434458 0.1812066704140903 0.2206741573033709
0 0.3927299981262882 0.8389637952559301 0.15919055649241143 0.24044943820224718
0 0.4852913621884954 0.9218352059925095 0.16713509462244702 0.15632958801498115
0 0.574283305227656 0.8900561797752808 0.17028293048529133 0.21988764044943826
0 0.5786865280119917 0.7329588014981273 0.17090125538692147 0.2138576779026219
0 0.23679033164699273 0.4764419475655431 0.1661795015926551 0.22337078651685402
0 0.6012553869214915 0.32277153558052435 0.13155330710136792 0.1924094881398253
0 0.5654955967772156 0.4939450686641698 0.14335769158703401 0.1938077403245943
0 0.3125351320966835 0.7053807740324595 0.16668540378489788 0.2133583021223471
0 0.3436293798013866 0.547191011235955 0.1427018924489414 0.1993258426966293