0 0.3625 0.7664197530864199 0.13666666666666666 0.21794238683127584
0 0.72375 0.7118518518518518 0.15416666666666667 0.2174485596707819
0 0.44 0.3720987654320988 0.12416666666666666 0.17781893004115218
0 0.7695833333333333 0.36843621399176957 0.1425 0.21407407407407417
0 0.26666666666666666 0.09510288065843622 0.1325 0.19020576131687245
0 0.25333333333333335 0.21109053497942384 0.14583333333333334 0.20773662551440325
0 0.37666666666666665 0.08987654320987654 0.14083333333333334 0.17975308641975307
0 0.36291666666666667 0.26304526748971196 0.13166666666666665 0.1896707818930041
0 0.23958333333333334 0.36078189300411523 0.15 0.2014814814814815
0 0.6570833333333334 0.13399176954732508 0.13083333333333333 0.1851440329218107
0 0.3975 0.9385185185185185 0.13833333333333334 0.05810699588477367
0 0.33416666666666667 0.6619958847736626 0.11916666666666667 0.18732510288065846
0 0.7508333333333334 0.5680658436213991 0.14166666666666666 0.19510288065843623
0 0.75875 0.8506172839506173 0.16 0.1335802469135802
0 0.24583333333333332 0.8290534979423868 0.13583333333333333 0.19119341563786016
0 0.45958333333333334 0.7123868312757202 0.14583333333333334 0.2010699588477367
0 0.49291666666666667 0.915761316872428 0.13583333333333333 0.08452674897119322
0 0.6225 0.8774074074074074 0.13833333333333334 0.12699588477366255
0 0.48875 0.8178395061728395 0.15083333333333335 0.20267489711934156
0 0.54125 0.3098765432098765 0.14333333333333334 0.19860082304526752
0 0.4525 0.5741975308641976 0.125 0.17790123456790122
0 0.5420833333333334 0.4464609053497942 0.1225 0.15987654320987657
0 0.6045833333333334 0.6302880658436214 0.15083333333333335 0.19489711934156376
0 0.55 0.5567901234567901 0.1525 0.21506172839506185
0 0.5054166666666666 0.160082304526749 0.14416666666666667 0.1964609053497942
0 0.6829166666666666 0.48588477366255145 0.14833333333333334 0.19465020576131692
0 0.5866666666666667 0.7753909465020576 0.13833333333333334 0.19588477366255144
0 0.665 0.31820987654320987 0.13833333333333334 0.20699588477366257
0 0.39875 0.45839506172839506 0.145 0.2209876543209877
0 0.32708333333333334 0.8938065843621399 0.13583333333333333 0.16119341563785988
0 0.18583333333333332 0.5877572016460906 0.12166666666666667 0.20423868312757198
0 0.31125 0.5159259259259259 0.12 0.1807407407407407
0 0.21791666666666668 0.6740329218106995 0.1625 0.1971604938271604