0 0.2154510155316607 0.8833333333333333 0.1519772998805257 0.1978494623655914
0 0.6480973715651135 0.32150537634408605 0.1319534050179212 0.16774193548387098
0 0.3499731182795699 0.6 0.13517921146953407 0.16774193548387098
0 0.7793458781362007 0.7661290322580645 0.14103942652329732 0.1774193548387097
0 0.6729450418160096 0.4553763440860215 0.16048984468339297 0.1817204301075269
0 0.6022401433691756 0.8064516129032258 0.156152927120669 0.20430107526881722
0 0.45720131421744326 0.1295698924731183 0.13788530465949828 0.18064516129032257
0 0.5215053763440861 0.7016129032258065 0.14274790919952202 0.1817204301075269
0 0.4223745519713261 0.7532258064516129 0.15461170848267622 0.2075268817204301
0 0.43087813620071685 0.4612903225806452 0.1509080047789725 0.1860215053763441
0 0.5552538829151733 0.5801075268817204 0.1319534050179212 0.16774193548387098
0 0.6395698924731182 0.6870967741935484 0.13043608124253298 0.17204301075268819
0 0.6754510155316608 0.8688172043010752 0.16876941457586628 0.1913978494623656
0 0.5349462365591398 0.8951612903225806 0.15430107526881734 0.1935483870967742
0 0.43517323775388295 0.8849462365591397 0.14438470728793304 0.1827956989247312
0 0.6121415770609319 0.9596774193548387 0.13369175627240149 0.06451612903225806
0 0.7539725209080047 0.6559139784946236 0.16390681003584237 0.19032258064516128
0 0.4083691756272402 0.9661290322580646 0.14827956989247312 0.06774193548387097
0 0.7366427718040621 0.5284946236559139 0.1351075268817204 0.16451612903225807
0 0.7502299880525687 0.9150537634408602 0.13545400238948632 0.10752688172043011
0 0.7970340501792116 0.2967741935483871 0.12903823178016718 0.1817204301075269
0 0.6011678614097969 0.18333333333333332 0.15869175627240148 0.20967741935483872