0 0.5604948391013964 0.09173352783856066 0.1419004250151792 0.18346705567712132
0 0.07435792349726776 0.42080395493962236 0.14871584699453552 0.2052435367533836
0 0.7041924711596843 0.11686117189399464 0.1584274438372799 0.18854850474106488
0 0.3444292653309047 0.48821217278547696 0.14877352762598658 0.2042223843099116
0 0.2353551912568306 0.5769268174082178 0.14504553734061928 0.18326444606532127
0 0.6429386763812994 0.03519734176189318 0.14035215543412252 0.07039468352378636
0 0.23952034001214328 0.13431396385444525 0.14954462659380693 0.1901126509441608
0 0.55486642380085 0.24322473458140856 0.14778992106860953 0.17473863360077801
0 0.5325440194292653 0.05466407326363563 0.13163327261687918 0.10932814652727126
0 0.6808166363084396 0.3527149687981198 0.1410625379477838 0.19824134856957606
0 0.6357771706132362 0.2147459275468028 0.15523375834851252 0.17634330172623391
0 0.45085913782635095 0.3893305778426128 0.15563448694596238 0.1829078531485534
0 0.18145112325440196 0.3769268174082179 0.1501821493624772 0.1738147337709701
0 0.7748421372191864 0.1762501013048059 0.162622950819672 0.21716508631169462
0 0.6236338797814208 0.44709863035902425 0.15459623557984217 0.19264121889942465
0 0.4493897996357013 0.19278304562768456 0.14932604735883417 0.199902747386336
0 0.3255069823922283 0.3903800956317367 0.158093503339405 0.18307804522246526
0 0.5378354584092289 0.37513980063214203 0.1608682452944747 0.20179106896831187
0 0.3598876745598057 0.07352905421833211 0.15250758955676993 0.14705810843666423
0 0.8171463266545235 0.31222951616824696 0.15293867638129943 0.2056001296701516
0 0.7827261687917425 0.4415349704189967 0.15260473588342452 0.20012967015155203
0 0.4277261687917426 0.05678134370694545 0.13880995749848205 0.1135626874138909
0 0.19495446265938068 0.48330496798768136 0.13661809350333937 0.1521760272307319
0 0.073158773527626 0.725184374746738 0.146317547055252 0.187227490072129
0 0.18559502125075897 0.8505592025285679 0.15593199757134185 0.21452305697382265
0 0.3222040072859745 0.7653861739200908 0.16319368548876742 0.19977307723478405
0 0.4465573770491803 0.8809790096442175 0.13737097753491198 0.1511386660183159
0 0.17942015786278082 0.6842977550855013 0.1468670309653916 0.19973255531242412
0 0.31955069823922283 0.6016046681254559 0.13924104432301154 0.18177323932247347
0 0.3895901639344262 0.6643042385930789 0.1505646630236794 0.19345165734662448
0 0.461311475409836 0.7328794878029014 0.14569520340012146 0.20727773725585544
0 0.5772191863995142 0.7929491855093604 0.1489738919247116 0.20750466002107135
0 0.5387128111718276 0.661609530756139 0.14531268973891925 0.18764081368020094
0 0.7137674559805708 0.8357930140205851 0.16224043715847 0.1975281627360403
0 0.786117182756527 0.6935124402301646 0.16248937462052232 0.21497690250425497
0 0.6665513054037645 0.6799983791231056 0.1596964177292046 0.20933625091174343
0 0.6883485124468731 0.536858740578653 0.16312689738919248 0.19867898533106412
0 0.5605343047965998 0.511386660183159 0.16055251973284762 0.18324823729637726
0 0.47145112325440197 0.5333495421022774 0.15317547055251973 0.1827376610746414
0 0.3392046144505161 0.21947483588621444 0.14611414693381913 0.20076991652483994
0 0.28200364298724956 0.3007861252937839 0.13256830601092898 0.16605883783126676
0 0.15850333940497877 0.25812869762541535 0.16192471159684274 0.1789853310641057