0 0.21330645161290324 0.8519633612106731 0.14193548387096774 0.20906411788132231
0 0.5838709677419355 0.7603185981680605 0.14596774193548387 0.2040063719633611
0 0.32016129032258067 0.4671764237355635 0.14516129032258066 0.20824372759856627
0 0.6673387096774194 0.8677021107128635 0.14677419354838708 0.1513819195539625
0 0.775 0.7817761847869374 0.1532258064516129 0.20673038630027862
0 0.4032258064516129 0.25416168857029076 0.14516129032258066 0.18673835125448024
0 0.28346774193548385 0.6824412584627638 0.14758064516129032 0.184778972520908
0 0.42943548387096775 0.54026284348865 0.1443548387096774 0.20602947033054564
0 0.24475806451612903 0.3860374352847471 0.13951612903225807 0.1873675826363998
0 0.3629032258064516 0.7084229390681003 0.1346774193548387 0.19451214655515747
0 0.4375 0.39822779769016325 0.1346774193548387 0.20096375945838316
0 0.5415322580645161 0.40774990043807247 0.14919354838709678 0.1892074870569494
0 0.42379032258064514 0.8541497411389884 0.14596774193548387 0.1986300278773396
0 0.42016129032258065 0.14422142572680205 0.14596774193548387 0.21475906013540424
0 0.6709677419354839 0.3598884906411788 0.15080645161290324 0.2065392273994424
0 0.45120967741935486 0.9121983273596177 0.13790322580645162 0.11519713261648733
0 0.5471774193548387 0.5691318199920351 0.14758064516129032 0.18155316606929509
0 0.6786290322580645 0.49584229390681 0.1443548387096774 0.1855993628036639
0 0.4778225806451613 0.6891278375149343 0.14274193548387096 0.20052568697730005
0 0.6854838709677419 0.7114297092791716 0.15080645161290324 0.19793707686180823
0 0.5310483870967742 0.23492234169653525 0.14274193548387096 0.20912783751493427
0 0.24717741935483872 0.543910792512943 0.15 0.18497013142174434
0 0.55 0.8656829948227798 0.12741935483870967 0.19178813221823968