0 0.4035687382297552 0.9070931791520027 0.1539485247959824 0.18581364169599449
0 0.4847802887633396 0.28093262946204123 0.12971123666038925 0.1550611697670522
0 0.5992310106716886 0.14738981062510476 0.13910232266164468 0.21395173453996982
0 0.5319993722536095 0.09579772079772078 0.14956057752667926 0.18239483827719122
0 0.7851537978656623 0.28503435562259094 0.1349529190207157 0.17772750125691306
0 0.44675455116133084 0.40221635662812133 0.15913370998116766 0.1881431204960617
0 0.3580006277463904 0.7685813641695994 0.14946013810420586 0.1801323948382774
0 0.7019114877589454 0.6418342550695492 0.14018832391713748 0.18117144293614884
0 0.48700878844946643 0.784569297804592 0.13909604519774002 0.19472934472934472
0 0.2341148775894539 0.5608178314060668 0.1405398618957941 0.18908999497234794
0 0.5324325172630257 0.6016800737388972 0.15370370370370376 0.1993966817496229
0 0.5924544883866918 0.6724400871459695 0.13839924670433146 0.1981146304675715
0 0.6626428123038293 0.8293112116641528 0.15549905838041445 0.2016758840288252
0 0.1572253609541745 0.23978129713423832 0.14317639673571878 0.17215518686106918
0 0.24811048336472064 0.21691385956091838 0.14906465787821724 0.1903050108932462
0 0.1518675455116133 0.3891151332327803 0.15130571249215316 0.18354281883693646
0 0.2950721908349027 0.36223814312049607 0.13639673571876967 0.1720881514999162
0 0.3615787821720025 0.19144042232277528 0.1442310106716886 0.19591084296966654
0 0.13330508474576272 0.5207767722473605 0.12956057752667924 0.15166750460868114
0 0.9045637162586316 0.6127157700687113 0.14542372881355925 0.18461538461538465
0 0.21694915254237288 0.7660549689961453 0.1329566854990584 0.17092341209988265
0 0.8775455116133082 0.3810122339534104 0.16257376020087894 0.1893078598960951
0 0.5977087256748274 0.30581531758002345 0.13479598242310112 0.15511144628791684
0 0.5547269303201506 0.8729470420646892 0.13954174513496545 0.18568795039383287
0 0.7985467671060892 0.8713968493380257 0.14593220338983054 0.21514999162057977
0 0.7195354676710608 0.1780040221216692 0.13749529190207163 0.17775263951734538
0 0.6449874450721909 0.4726453829395006 0.14397991211550526 0.19025473437238147
0 0.8803923414940366 0.7465853862912687 0.13594475831763994 0.16190715602480307
0 0.8527275580665411 0.5103485838779956 0.15474576271186433 0.18470755823697
0 0.8101475204017576 0.6864756158873806 0.14208411801632137 0.18571308865426514
0 0.7278279974890144 0.506850175967823 0.14512868801004392 0.19705044410926756
0 0.6797520401757691 0.33888050946874476 0.1577840552416824 0.17682252388134742
0 0.3433741368487131 0.6015082956259427 0.14218455743879477 0.1879755320931792
0 0.539180790960452 0.4687699011228423 0.12752040175768983 0.16295458354281875
0 0.44746390458254864 0.5963130551365845 0.11386064030131832 0.16055806938159886
0 0.38349968612680474 0.4615719792190381 0.12747018204645322 0.16182336182336174