0 0.1679632631010265 0.5138287638287639 0.151041479080377 0.20298220298220296
0 0.2188996938591752 0.6799943883277216 0.15105348460291732 0.18245951579284914
0 0.2730085839486164 0.3445767195767196 0.14943273905996757 0.18237934904601566
0 0.1345699021549913 0.3620330286996954 0.1611561318206375 0.19268077601410938
0 0.33339636232667025 0.6500120250120249 0.13800348160153672 0.17965367965367965
0 0.31387538267603093 0.8450978034311368 0.1573443784140704 0.21949655282988612
0 0.42242331472477346 0.776475068141735 0.15931328411069093 0.20771204104537455
0 0.33149948976529203 0.10119047619047619 0.1427396602437121 0.17664742664742666
0 0.1543039798307221 0.20368366201699534 0.1483162254637133 0.1952861952861953
0 0.3056966204454049 0.499037999037999 0.13779338495708027 0.17424242424242425
0 0.3472147187706345 0.28721741221741226 0.1297316765712228 0.1749238415905082
0 0.5873221681973707 0.732243065576399 0.14225343658082706 0.20578803912137258
0 0.6939342097364788 0.6554232804232804 0.16094603517618106 0.18726952060285385
0 0.781760609880545 0.5738936988936989 0.1514616723692899 0.21380471380471391
0 0.7423614862836906 0.44448452781786113 0.15304039858334825 0.21280262946929607
0 0.626676271084699 0.3917748917748918 0.14323188666786724 0.21015712682379353
0 0.4779848730415991 0.6555435305435305 0.13135242211417258 0.17500400833734192
0 0.522864517678132 0.238656405323072 0.14156912179602607 0.20899470899470896
0 0.44666246473377763 0.39043209876543206 0.1290053424575304 0.17704826038159374
0 0.5301038477699742 0.40428090428090424 0.15769253856774118 0.20763187429854096
0 0.531694579506573 0.5285794452461119 0.13608860075634796 0.1719977553310886
0 0.640125457710547 0.5506854256854258 0.14562098565340045 0.20919512586179254
0 0.4341347019629029 0.07818261984928651 0.14541689177021422 0.12061087061087063