0 0.35859375 0.4276041666666667 0.1171875 0.171875
0 0.51953125 0.3880208333333333 0.13359375 0.16979166666666667
0 0.430859375 0.5322916666666667 0.121875 0.17083333333333334
0 0.525390625 0.5125 0.10546875 0.14583333333333334
0 0.62578125 0.5151041666666667 0.12109375 0.18020833333333333
0 0.314453125 0.1328125 0.1203125 0.159375
0 0.4109375 0.07083333333333333 0.125 0.14166666666666666
0 0.178125 0.5614583333333333 0.13515625 0.165625
0 0.229296875 0.7114583333333333 0.1296875 0.153125
0 0.49375 0.1765625 0.1171875 0.18020833333333333
0 0.256640625 0.3828125 0.11171875 0.153125
0 0.1390625 0.4265625 0.13984375 0.16354166666666667
0 0.3265625 0.859375 0.13046875 0.19583333333333333
0 0.334765625 0.665625 0.1109375 0.15104166666666666
0 0.1484375 0.2682291666666667 0.1265625 0.16354166666666667
0 0.302734375 0.5244791666666667 0.11171875 0.15104166666666666
0 0.387109375 0.2296875 0.11953125 0.17291666666666666
0 0.4953125 0.8208333333333333 0.11953125 0.19583333333333333
0 0.679296875 0.6104166666666667 0.1390625 0.16354166666666667
0 0.765234375 0.50625 0.12734375 0.17604166666666668
0 0.7234375 0.390625 0.121875 0.18125
0 0.615234375 0.37135416666666665 0.1171875 0.18333333333333332
0 0.421875 0.7708333333333334 0.125 0.175
0 0.3328125 0.3078125 0.11015625 0.13645833333333332
0 0.449609375 0.36666666666666664 0.10859375 0.15104166666666666
0 0.58359375 0.6973958333333333 0.11796875 0.178125
0 0.47578125 0.6453125 0.1125 0.14895833333333333