0 0.7946570972886763 0.738983451536643 0.14035087719298245 0.18820330969267132
0 0.4732854864433812 0.34860520094562647 0.15151515151515152 0.192789598108747
0 0.4864433811802233 0.4846335697399527 0.12440191387559808 0.16539007092198585
0 0.4796650717703349 0.6147517730496453 0.1419457735247209 0.18931442080378247
0 0.580542264752791 0.4805082742316785 0.1419457735247209 0.2052718676122931
0 0.6044657097288676 0.5743026004728132 0.12360446570972887 0.1674940898345155
0 0.5697767145135566 0.7014657210401891 0.14114832535885166 0.1860992907801419
0 0.4984051036682616 0.7881796690307329 0.12599681020733652 0.17075650118203292
0 0.39433811802232854 0.281371158392435 0.13955342902711323 0.21158392434988182
0 0.6096491228070176 0.8372222222222223 0.1339712918660287 0.1720567375886525
0 0.7137161084529505 0.6456264775413711 0.14513556618819776 0.18515366430260052
0 0.5542264752791068 0.20472813238770687 0.15231259968102073 0.19068557919621745
0 0.4609250398724083 0.16047281323877072 0.1507177033492823 0.1906382978723404
0 0.3369218500797448 0.4200945626477542 0.14912280701754385 0.18208037825059104
0 0.3879585326953748 0.562033096926714 0.1283891547049442 0.16869976359338062
0 0.6582934609250398 0.7269621749408983 0.11802232854864433 0.16413711583924337
0 0.3871610845295056 0.7556264775413711 0.12679425837320574 0.17290780141843967
0 0.2527910685805423 0.5495153664302601 0.15869218500797447 0.18130023640661938
0 0.29984051036682613 0.6455910165484634 0.1467304625199362 0.19583924349881804
0 0.24282296650717702 0.7811347517730496 0.1594896331738437 0.20153664302600463
0 0.3656299840510367 0.9031382978723405 0.1283891547049442 0.19372340425531906
0 0.5865231259968102 0.9502541371158392 0.1339712918660287 0.09949172576832166
0 0.7444178628389154 0.4970685579196218 0.14992025518341306 0.1778486997635934
0 0.47926634768740034 0.9336524822695036 0.14992025518341306 0.13269503546099293
0 0.7065390749601276 0.9381855791962175 0.13636363636363635 0.12362884160756513
0 0.8313397129186603 0.6033687943262412 0.11562998405103668 0.18534278959810868
0 0.5853269537480064 0.3503309692671395 0.14752791068580542 0.18522458628841604