0 0.5387186379928316 0.5473715651135006 0.1312843488649939 0.17718040621266434
0 0.6744862604540024 0.789605734767025 0.1486618876941458 0.19872560732775782
0 0.5662066905615293 0.8597291915571486 0.16439665471923526 0.1933890880127438
0 0.8038440860215054 0.3154320987654321 0.15302270011947433 0.20438072481083241
0 0.7440352449223416 0.17716049382716048 0.15781362007168456 0.19079251294305058
0 0.8437724014336918 0.6081919553962565 0.15121266427718036 0.20104340900039822
0 0.849226403823178 0.4466706491437675 0.1660095579450417 0.19350059737156508
0 0.6307855436081242 0.24976901632815612 0.14074671445639195 0.18747112704101956
0 0.5369713261648745 0.1620310633213859 0.1644444444444444 0.2073118279569892
0 0.48991636798088417 0.30126642771804063 0.1354480286738353 0.17960971724412575
0 0.640194145758662 0.08131023496614893 0.1615471923536439 0.16262046993229787
0 0.669889486260454 0.38518916766228595 0.14338112305854248 0.17801672640382316
0 0.37672939068100353 0.27429311031461573 0.14770609318996417 0.2093667861409797
0 0.27886499402628434 0.3908084428514536 0.16594384707287937 0.19242532855436079
0 0.19606033452807647 0.5105655117483074 0.15710274790919954 0.21858223815213063
0 0.2449372759856631 0.6174711270410196 0.15878136200716847 0.21976901632815596
0 0.36091099163679813 0.6185543608124252 0.15287335722819592 0.2150776583034649
0 0.4491905615292712 0.4486300278773397 0.1361887694145759 0.17859020310633222
0 0.4580585424133811 0.566332138590203 0.16316009557945035 0.21257666268418968
0 0.3383213859020311 0.46914376742333735 0.1537455197132617 0.2162086818000797
0 0.644758064516129 0.6058900836320191 0.14854838709677423 0.18372759856630838
0 0.7155764635603346 0.5180127439267224 0.15962365591397853 0.19412982875348475