0 0.8008333333333333 0.9136041417761849 0.15578853046594993 0.17279171644763028
0 0.7898805256869773 0.2262365591397849 0.1517562724014338 0.18201513341298287
0 0.3579958183990442 0.7196375945838311 0.1559139784946236 0.19495021903624069
0 0.7025 0.341047391477499 0.15079450418160095 0.17985663082437275
0 0.5327001194743131 0.29525288729589805 0.14330346475507755 0.17655913978494628
0 0.25626045400238945 0.6309358821186778 0.1541457586618877 0.1927837514934288
0 0.48956093189964156 0.8925647152528872 0.15198924731182797 0.1852409398645959
0 0.4740471923536439 0.5765949820788531 0.15229988052568688 0.18954201513341284
0 0.26396356033452806 0.893026682596575 0.1513381123058542 0.18738351254480284
0 0.6678554360812425 0.7592831541218638 0.15045400238948625 0.18630027877339717
0 0.5533213859020311 0.7081162883313421 0.15729390681003588 0.19174034249303057
0 0.4694414575866189 0.42805655117483077 0.1609856630824373 0.19822381521306245
0 0.7574701314217444 0.5632536837913182 0.14587813620071668 0.17873357228195932
0 0.22265531660692953 0.5375268817204301 0.1655615292712067 0.2057905217045003
0 0.1479510155316607 0.38183990442054955 0.18545997610513737 0.21350856232576662
0 0.8645221027479091 0.6789088012743927 0.1573237753882913 0.1809956192751892
0 0.5986589008363202 0.4379410593389088 0.15580645161290327 0.20461967343687776
0 0.09112156511350059 0.5399920350457985 0.18224313022700117 0.21885304659498206
0 0.6375537634408601 0.5195659099960175 0.14330346475507755 0.17655913978494628
0 0.4631332138590203 0.1745878136200717 0.14699522102747917 0.18304261250497805
0 0.36770908004778974 0.31137793707686184 0.1645519713261649 0.19181202708084424
0 0.6584020310633214 0.11356829948227797 0.1510274790919953 0.18308243727598567
0 0.8868996415770609 0.3299561927518917 0.15932497013142174 0.18638789326961375