0 0.3742138364779874 0.6041346377824365 0.1470125786163522 0.1879571395294666
0 0.7838050314465409 0.19673887724202188 0.14465408805031446 0.19305846727230377
0 0.7338836477987422 0.6855462380619614 0.14937106918238993 0.19438621010948046
0 0.5813679245283019 0.05864197530864197 0.13286163522012578 0.11728395061728394
0 0.4033018867924528 0.078872583275099 0.15172955974842767 0.157745166550198
0 0.7401729559748428 0.3775215467039367 0.14465408805031446 0.18886559515490325
0 0.5157232704402516 0.0412066154204519 0.13364779874213836 0.0824132308409038
0 0.3046383647798742 0.1507104588865595 0.13128930817610063 0.20065222455159562
0 0.20833333333333334 0.30893314698346147 0.1611635220125786 0.20976007453994872
0 0.2873427672955975 0.41745865362217566 0.14858490566037735 0.20272536687631038
0 0.23034591194968554 0.6095154903331004 0.14544025157232704 0.2109247612392266
0 0.3518081761006289 0.28313533659445606 0.1289308176100629 0.17954810156068018
0 0.6175314465408805 0.21655019799673886 0.11949685534591195 0.16955508968087582
0 0.387185534591195 0.45713952946657355 0.12971698113207547 0.1743535988819008
0 0.5251572327044025 0.8053575588166784 0.1501572327044025 0.20177032378290258
0 0.6104559748427673 0.7452713720009319 0.14622641509433962 0.19210342417889587
0 0.6855345911949685 0.27384113673421845 0.1470125786163522 0.192150011646867
0 0.5483490566037735 0.129979035639413 0.1289308176100629 0.17745166550197997
0 0.4261006289308176 0.7022129047286281 0.14150943396226415 0.2138364779874214
0 0.4528301886792453 0.2137316561844864 0.1281446540880503 0.17740507803400887
0 0.6187106918238994 0.5996040065222455 0.14937106918238993 0.19543442813883055
0 0.5070754716981132 0.6350454227812717 0.15251572327044025 0.19352434195201496
0 0.4956761006289308 0.5046936873980898 0.12578616352201258 0.17097600745399485
0 0.4658018867924528 0.38434661076170507 0.1430817610062893 0.1961099464244119
0 0.58687106918239 0.4762287444677382 0.14465408805031446 0.21192639180060566
0 0.5931603773584906 0.3788958770090846 0.125 0.1730258560447239
0 0.5373427672955975 0.27109247612392273 0.1430817610062893 0.1929652923363616
0 0.6930031446540881 0.47046354530631257 0.14858490566037735 0.20691823899371078
0 0.7401729559748428 0.02711390635918938 0.12657232704402516 0.05422781271837876
0 0.2983490566037736 0.676764500349406 0.1501572327044025 0.1944327975774516
0 0.4044811320754717 0.8392382948986723 0.13836477987421383 0.18430002329373407
0 0.6595911949685535 0.8608082925692988 0.14937106918238993 0.18180759375727917
0 0.6851415094339622 0.10510132774283718 0.13836477987421383 0.17591427905893314
0 0.5345911949685535 0.9127649662240858 0.13522012578616352 0.1191241556021432
0 0.6988993710691824 0.9004076403447472 0.12342767295597484 0.08068949452597238
0 0.3828616352201258 0.9233286745865363 0.15723270440251572 0.11728395061728374
0 0.2928459119496855 0.829082226880969 0.13522012578616352 0.18621010948054967
0 0.7822327044025157 0.8278593058467273 0.1611635220125786 0.18879571395294686
0 0.7610062893081762 0.5544840437922198 0.14150943396226415 0.18972746331236898
0 0.4091981132075472 0.021960167714884696 0.125 0.04392033542976939