0 0.2219231466376654 0.4494645732689211 0.14058365053471084 0.20028985507246375
0 0.5780043501903209 0.5274758454106281 0.12490483958673182 0.1675281803542673
0 0.48845689082230676 0.41313607085346216 0.1118301009002476 0.16305152979066023
0 0.6262401063379855 0.326988727858293 0.13487402573862592 0.2002334943639292
0 0.5699564980967917 0.4003743961352657 0.14957404386441903 0.20363929146537835
0 0.2845115098785572 0.40971417069243155 0.1404446861216845 0.17528985507246375
0 0.21439187964473444 0.7821658615136876 0.13881940668237572 0.17636070853462155
0 0.30174913902483236 0.7959782608695651 0.14544740499063502 0.19490338164251209
0 0.2074768896139206 0.6387479871175523 0.14704247477493806 0.18839774557165864
0 0.3449972811310495 0.6520652173913044 0.13228807927013475 0.17520933977455708
0 0.41113527883511575 0.8106602254428341 0.1405776086037097 0.19920289855072462
0 0.11437375385173101 0.545096618357488 0.132257869615129 0.16977455716586143
0 0.927957525225062 0.3566183574879227 0.14408494954987586 0.18946054750402577
0 0.24622379312428253 0.19866747181964572 0.12901939459851372 0.1740901771336554
0 0.9037731859102169 0.5818719806763286 0.15849797595311454 0.19503220611916278
0 0.6433568968642377 0.691513687600644 0.14144764666787496 0.2089935587761676
0 0.588036976617727 0.13115942028985506 0.13646909552292916 0.1937278582930757
0 0.8216603226391155 0.11743961352657005 0.14312730348619412 0.21770531400966184
0 0.7548486496284212 0.7915056360708534 0.13394961029545038 0.1806602254428343
0 0.6794876442511026 0.5145169082125605 0.14054739894870402 0.19376811594202897
0 0.9018186212313455 0.2302415458937198 0.1330554045072805 0.16652173913043478
0 0.8782127968098604 0.45929146537842186 0.15031115944655912 0.18951690821256045
0 0.8348770467041267 0.29394927536231885 0.13807624916923447 0.18939613526570045
0 0.7583862002295934 0.4740619967793881 0.1413993112198659 0.2002979066022544
0 0.7148540873663222 0.6402616747181964 0.1535375506011723 0.18302737520128834
0 0.7319859827200773 0.3471417069243156 0.13642076007491993 0.1850322061191626
0 0.41025013594344756 0.13780595813204508 0.1446015346504743 0.18946054750402577
0 0.49771917104706664 0.6119685990338165 0.1544136305963386 0.1939049919484702
0 0.8162376895655851 0.6827415458937198 0.13150262823998546 0.1806360708534622
0 0.5573711558214006 0.8510668276972625 0.1504440819285843 0.21342995169082107
0 0.5078182587154855 0.22760869565217393 0.13567760256177877 0.19806763285024157
0 0.5281221678448432 0.7252616747181965 0.1264938674400338 0.1599355877616747
0 0.46582683825750715 0.0866183574879227 0.13393752643344828 0.1732367149758454
0 0.44115763397981994 0.5619806763285025 0.12489879765573077 0.16644122383252816
0 0.6902030088816385 0.16765297906602253 0.15203310978188628 0.20583735909822867
0 0.380747386864842 0.40659017713365536 0.1445350734094617 0.17750402576489535