0 0.8114832823098626 0.7397787397787398 0.1389339095984152 0.19624819624819617
0 0.6895221802028934 0.22033429533429535 0.1551713788342636 0.19829244829244824
0 0.682964163515217 0.9551827801827802 0.137553274506273 0.08963443963443948
0 0.45593973227684736 0.9286676286676288 0.1585929527582688 0.14266474266474252
0 0.7432468935710427 0.5221741221741222 0.15087940452608203 0.1893939393939394
0 0.5673359745482922 0.9490139490139491 0.14058466894771598 0.10197210197210192
0 0.3440482622006123 0.8968614718614719 0.1358424875442703 0.2014670514670515
0 0.22259739480160873 0.7687830687830688 0.16762710846989615 0.20983645983645963
0 0.2840206494987695 0.6320466570466571 0.15451107509454357 0.2036556036556038
0 0.2397953058406867 0.5437830687830687 0.16927786781919685 0.21101491101491113
0 0.3701152530163875 0.7471861471861472 0.1336214658743022 0.17972582972582965
0 0.646287292154391 0.7256373256373256 0.12446725493727116 0.17053872053872055
0 0.3773635872501351 0.5589947089947089 0.13512215619184828 0.1754930254930255
0 0.33631970706525 0.4145502645502646 0.15162974968485501 0.18727753727753732
0 0.45599975988954916 0.1528138528138528 0.1541509094183324 0.1906685906685907
0 0.5514736778918302 0.19316979316979316 0.1526502191007864 0.19490139490139485
0 0.705339456149829 0.64512987012987 0.15259019148808453 0.19273689273689282
0 0.5937031034275766 0.8363395863395864 0.14088480701122508 0.1790764790764791
0 0.37731856654060864 0.2971981721981722 0.14754787202112976 0.2151274651274652
0 0.4819316885767453 0.7836339586339587 0.13275106549012544 0.1775132275132274
0 0.5831082297857014 0.34030784030784034 0.15502130980250917 0.19288119288119282
0 0.46910078636172636 0.33896103896103896 0.15826280088840866 0.19307359307359304
0 0.47833003181463474 0.47447089947089943 0.13098025091542104 0.17200577200577194
0 0.46776517197911033 0.6066378066378066 0.1494687556275886 0.19687349687349678
0 0.5741641154931268 0.4725709475709476 0.14991896272285252 0.21310726310726302
0 0.5958340836784921 0.5692520442520443 0.13022990575664806 0.17412217412217415
0 0.5573863977429617 0.697053872053872 0.14856834143706116 0.1935786435786437
0 0.6813134041659163 0.44315776815776814 0.15463113031994716 0.20798460798460788
0 0.8077615703223483 0.9243145743145742 0.13248094123296703 0.1513708513708515
0 0.25570262320667503 0.35068542568542566 0.161954499069572 0.2094997594997595
0 0.3360645897112672 0.16032948532948532 0.14055465514136503 0.19634439634439635
0 0.5715679212437721 0.09788359788359789 0.14697760970046228 0.13621933621933624