0 0.288224043715847 0.8572615284869115 0.13397085610200365 0.19268174082178455
0 0.8781572556162719 0.5357605964826971 0.15370977534911967 0.19572088499878423
0 0.19770188221007892 0.8787178863765297 0.14027929568913175 0.175905664964746
0 0.601247723132969 0.4674406353837426 0.13908925318761384 0.19645027960126427
0 0.7092015786278082 0.3806426776886295 0.13618093503339404 0.17550044574114596
0 0.8467547055251972 0.1359510495177891 0.13669702489374597 0.19730123997082422
0 0.7138008500303583 0.812464543317935 0.14141469338190657 0.1945052273279845
0 0.3691044323011536 0.7068036307642435 0.13967820279295687 0.16605883783126676
0 0.388752276867031 0.8587405786530513 0.1263084395871281 0.20062403760434402
0 0.7804068002428658 0.6889739849258448 0.15428051001821488 0.17837750222870563
0 0.6597085610200364 0.6508833779074479 0.12452337583485129 0.15803549720398724
0 0.60565270188221 0.7356147175622011 0.1364298724954462 0.1929248723559445
0 0.4732301153612629 0.4224613015641462 0.14424408014571938 0.17412270038090608
0 0.39305100182149366 0.4146203095874868 0.1515543412264723 0.17375800307966607
0 0.2680206435944141 0.3807642434557095 0.15330904675166973 0.18915633357646489
0 0.2970947176684881 0.23814733770970098 0.14912568306010934 0.20070508144906396
0 0.1798360655737705 0.21711646000486265 0.15185185185185188 0.20532458059810355
0 0.25888585306618095 0.08585582300024314 0.15255616272009714 0.17171164600048627
0 0.41969034608378875 0.2651754599238188 0.136448087431694 0.1798768133560256
0 0.3916636308439587 0.13037928519328956 0.1384699453551913 0.19965151146770402
0 0.5028051001821494 0.19823324418510413 0.13519125683060115 0.19932733608882408
0 0.5542228293867638 0.3035294594375557 0.1365816636308439 0.18206499716346541
0 0.6364389799635701 0.35140611070589195 0.11644201578627812 0.17246130156414613
0 0.7373952641165756 0.21908177323932246 0.15021250758955665 0.2051624929086636
0 0.6294505160898604 0.05316476213631574 0.13208257437765633 0.10632952427263148
0 0.5926775956284153 0.2007658643326039 0.13529447480267157 0.17432530999270604
0 0.7014359441408622 0.12748196774454978 0.15205221615057676 0.20860685630926334
0 0.8116120218579236 0.3112488856471351 0.12020643594414092 0.1673960612691466
0 0.7528384942319368 0.46658967501418264 0.12939283545840924 0.14437960936866853
0 0.492173649058895 0.8528648999108517 0.12927140255009117 0.18242969446470556
0 0.17004553734061933 0.47092552070670235 0.14285367334547663 0.19138503930626474
0 0.12882513661202188 0.5989747953642922 0.14318761384335152 0.19685549882486444
0 0.5879447480267153 0.8722141178377503 0.1340437158469945 0.14048950482210873
0 0.39327868852459014 0.5777210470864736 0.15105039465695203 0.19219547775346446
0 0.617568306010929 0.5604384471999352 0.14909532483302987 0.17351487154550613
0 0.4775227686703097 0.7325147905016614 0.14032786885245904 0.1900478158683848
0 0.2529356405585914 0.5611475808412352 0.13137826350941104 0.1902504254801848
0 0.32291742562234366 0.48245400761812135 0.1456648451730419 0.18405057135910521
0 0.14996964177292046 0.7464138098711403 0.15191863995142682 0.20641867250182333
0 0.7678142076502732 0.574945295404814 0.14207043108682454 0.1652078774617068
0 0.4867213114754098 0.5684820487883946 0.14054644808743172 0.18028203257962563
0 0.2816332726168792 0.711646000486263 0.14860959319975714 0.17890428721938564