0 0.4910656270305393 0.5654373522458628 0.12159017071297767 0.1734672970843184
0 0.3908441136511312 0.5481757289204097 0.13592651662827102 0.21004728132387696
0 0.40350877192982454 0.402037037037037 0.13503455608718762 0.2057052797478329
0 0.7179573512906846 0.6267139479905437 0.1256482958237344 0.1770921985815603
0 0.3515062909799752 0.6574546887312844 0.15311595487034074 0.1959968479117415
0 0.7675527201842991 0.4957328605200945 0.1258136924803591 0.18453900709219861
0 0.6385256069466596 0.3097832939322301 0.13496367180577715 0.20251379038613077
0 0.29223226416208875 0.4063908589440504 0.13494004371197357 0.20144996059889672
0 0.2589934432039695 0.5216390858944051 0.14223521767381422 0.20754925137903857
0 0.4335843818299959 0.7353585500394011 0.13095280288262748 0.20101654846335693
0 0.5432748538011696 0.7133215130023641 0.12330320751373386 0.17895981087470444
0 0.6918985173371138 0.402608353033885 0.12060369779668022 0.16486997635933817
0 0.6800194931773879 0.7632072498029945 0.1272668202492764 0.17832939322301017
0 0.5180902593183295 0.8867533490937746 0.14817177624195174 0.22411347517730504
0 0.5876602280111052 0.8492119779353822 0.14298540965207643 0.2055082742316784
0 0.6811536416799575 0.9230299448384555 0.14735069998227898 0.15394011032308905
0 0.7872733179750723 0.8284594168636722 0.14323941166046433 0.1811268715524033
0 0.8887382597908915 0.5614381402679275 0.1515683147262094 0.19795114263199376
0 0.5521324354657688 0.2345941686367218 0.1333215192864316 0.2002127659574468
0 0.8436233681847717 0.6971513002364066 0.1423533581428317 0.2128684003152088
0 0.9049559926752909 0.4140937746256895 0.1427491287140409 0.19486997635933798
0 0.32590820485557326 0.23918833727344363 0.13902179691653369 0.20613869188337278
0 0.6822582550652726 0.18347123719464145 0.13641679957469427 0.19630417651694249
0 0.2751461988304093 0.8369976359338062 0.13144308582905073 0.1872734436564223
0 0.15175733947663772 0.7079078014184398 0.15380116959064327 0.22684791174152896
0 0.11788942052099947 0.2754767533490937 0.13862011932187374 0.18805358550039394
0 0.14197826215370074 0.5004294720252167 0.14840215015653613 0.19866824271079594
0 0.7689526847421584 0.3080417651694247 0.12858408647882338 0.20182033096926713
0 0.19004371197353656 0.3363829787234042 0.14148502569555202 0.20959022852639875
0 0.2510927993384134 0.6852758077226162 0.13074015003839562 0.1914420803782508
0 0.3893082875539016 0.8372025216706067 0.1377104377104377 0.21873128447596535
0 0.868093212830055 0.24081560283687942 0.1352413019079686 0.1791962174940898
0 0.488301140055526 0.29769897557131597 0.14615157422174974 0.20479117415287623
0 0.6620946305156832 0.5113317572892041 0.13644042766849782 0.19736800630417647
0 0.5720893141945774 0.43468873128447594 0.12236399078504334 0.17249014972419227
0 0.4994536003307933 0.44165090622537434 0.1508181227479473 0.19999211977935383
0 0.5870577116191151 0.6071788810086682 0.13885640025990903 0.19869188337273436