0 0.26542712066905616 0.7320310633213859 0.1501194743130227 0.1885304659498207
0 0.2687126642771804 0.850310633213859 0.13826164874551972 0.1962962962962964
0 0.48893369175627244 0.33161688570290726 0.15274790919952208 0.1962246117084826
0 0.5301373954599762 0.19226602947033053 0.137305854241338 0.1908641975308642
0 0.20846774193548387 0.17378335324571884 0.15200119474313026 0.1983193946634807
0 0.3603942652329749 0.6302031063321385 0.130973715651135 0.19471923536439673
0 0.24324970131421747 0.6001035444046197 0.15549581839904417 0.1792433293508561
0 0.4931302270011948 0.7869454400637196 0.14761051373954592 0.185137395459976
0 0.3752538829151732 0.7449900438072482 0.14097968936678612 0.2072162485065712
0 0.43790322580645163 0.47941059338908804 0.14148745519713254 0.1965193150139387
0 0.37435782556750297 0.1187136598964556 0.1281063321385903 0.17842293906810036
0 0.3772102747909199 0.9051911589008363 0.16126045400238948 0.18961768219832734
0 0.5369175627240144 0.6971405814416568 0.14408602150537622 0.20313819195539606
0 0.31817502986857826 0.48669454400637197 0.14874551971326155 0.19702110712863408
0 0.41621863799283154 0.30727200318598163 0.13694743130227 0.20693747510951813
0 0.4509707287933094 0.6021226602947033 0.15074671445639182 0.21111111111111103
0 0.17843488649940265 0.3385902031063321 0.1364994026284349 0.19080844285145362
0 0.49141278375149344 0.9237634408602151 0.15337514934289131 0.15247311827956983
0 0.577927120669056 0.8985185185185186 0.14964157706093198 0.2003026682596575
0 0.2253882915173238 0.46418160095579447 0.14190561529271215 0.18259657506969332
0 0.45724313022700125 0.13249303066507367 0.11445639187574666 0.17962564715252885
0 0.5618876941457587 0.08928713659896456 0.1253882915173238 0.10954998008761452
0 0.7201762246117085 0.2096973317403425 0.1629032258064516 0.2140979689366786
0 0.6886648745519713 0.3502548785344484 0.13646953405017917 0.18973317403424933
0 0.8102150537634409 0.3071445639187575 0.125 0.18250099561927519
0 0.6438172043010753 0.1555874153723616 0.16039426523297493 0.2107048984468339
0 0.5674283154121864 0.28874950219036244 0.13416965352449228 0.16489048187972913
0 0.6203703703703705 0.3981202708084428 0.14214456391875735 0.19119872560732773
0 0.709662485065711 0.4686857825567503 0.15501792114695337 0.19101553166069302
0 0.7837962962962963 0.616547192353644 0.15513739545997615 0.19531660692951008
0 0.6776284348864995 0.5759378733572282 0.1405316606929509 0.1910872162485067
0 0.8510752688172042 0.7929111907606531 0.14838709677419354 0.2130943847072881
0 0.7645011947431303 0.892636399840701 0.16045400238948632 0.21285543608124274
0 0.723984468339307 0.7379769016328156 0.15713859020310625 0.20940661091198728
0 0.6239097968936679 0.7718399044205496 0.14841696535244916 0.21416965352449238
0 0.5722371565113501 0.6067502986857825 0.13703703703703718 0.21016328156113104
0 0.5495818399044206 0.5010832337714058 0.136768219832736 0.20048586220629233
0 0.28854540023894865 0.31829948227797683 0.1502090800477897 0.19175627240143361
0 0.34015830346475506 0.24942652329749104 0.12395459976105137 0.17384309040223023
0 0.28854540023894865 0.11546395858223815 0.13488649940262842 0.16172043010752687