0 0.15807646356033453 0.725268817204301 0.11058542413381121 0.1860215053763441
0 0.26164277180406215 0.8188172043010753 0.14160692951015533 0.16666666666666666
0 0.4108154121863799 0.07580645161290323 0.13804659498207889 0.15161290322580645
0 0.6464068100358423 0.1435483870967742 0.1280645161290324 0.17419354838709677
0 0.7294056152927121 0.3279569892473118 0.1484408602150537 0.18387096774193548
0 0.18862903225806452 0.9290322580645162 0.12148745519713262 0.13225806451612904
0 0.30747013142174434 0.44408602150537635 0.14115890083632013 0.1827956989247312
0 0.43469534050179204 0.6887096774193548 0.13683990442054966 0.16989247311827957
0 0.3943219832735962 0.5639784946236559 0.11871565113500593 0.15268817204301074
0 0.41421445639187576 0.46720430107526884 0.1364635603345281 0.18924731182795698
0 0.5222819593787336 0.5940860215053764 0.13691158900836334 0.17311827956989248
0 0.5094593787335724 0.46344086021505376 0.11947431302270022 0.15053763440860216
0 0.5168936678614099 0.328494623655914 0.14646953405017923 0.16774193548387098
0 0.40340800477897254 0.3365591397849462 0.14324372759856635 0.16774193548387098
0 0.5107138590203106 0.7698924731182796 0.12120669056152909 0.15591397849462366
0 0.607437275985663 0.28225806451612906 0.1333094384707289 0.1924731182795699
0 0.4013351254480287 0.8290322580645161 0.12687574671445642 0.15698924731182795
0 0.2864695340501792 0.6451612903225806 0.14082437275985665 0.16774193548387098
0 0.43249999999999994 0.18870967741935485 0.1408721624850658 0.16989247311827957
0 0.5270639187574672 0.14301075268817204 0.142389486260454 0.16559139784946236
0 0.6496624850657108 0.39623655913978495 0.13989844683393063 0.16236559139784945
0 0.6113560334528076 0.5413978494623656 0.12357825567503002 0.15376344086021507
0 0.3464545997610514 0.7220430107526882 0.11302270011947432 0.15053763440860216
0 0.6217383512544803 0.7274193548387097 0.12289127837514922 0.15913978494623657
0 0.7481600955794504 0.5182795698924731 0.15569892473118274 0.18387096774193548
0 0.7054271206690562 0.6086021505376344 0.1418697729988051 0.17849462365591398
0 0.7686290322580646 0.7403225806451613 0.15486857825567515 0.1827956989247312
0 0.6499283154121863 0.8741935483870967 0.12336917562724004 0.18064516129032257
0 0.4276911589008363 0.9494623655913978 0.13208482676224606 0.1010752688172043
0 0.2467831541218638 0.5258064516129032 0.1391636798088411 0.16559139784946236
0 0.5394832735961769 0.9268817204301075 0.14599163679808844 0.14623655913978495
0 0.31379032258064515 0.9580645161290322 0.1299940262843488 0.07956989247311828
0 0.2958482676224612 0.22311827956989247 0.1425567502986858 0.17311827956989248