0 0.9142932983573794 0.22977944236371203 0.141284117169446 0.18388680815647102
0 0.7415276997064518 0.911949646275489 0.1370432827431141 0.17610070744902187
0 0.41523327712197866 0.2809779442363712 0.13902941727562304 0.196046608406159
0 0.6792548872650053 0.7717519766957969 0.13615014677409273 0.18011652101539757
0 0.49451314721129225 0.7611027881814398 0.12851164824183384 0.1772700790678318
0 0.2902848041971145 0.33526841448189765 0.13729311098619698 0.19366625052018305
0 0.5899662731871839 0.1529546400332917 0.1362750608956343 0.18573449854348734
0 0.4996939604022235 0.47111527257594676 0.13637499219286753 0.19022888056595924
0 0.3580881893698083 0.09693716188098211 0.13373930422834296 0.14739908447773617
0 0.7411248516644806 0.3444194756554307 0.13463868590344147 0.1878485226799834
0 0.6120167384922865 0.3578610070744902 0.14148397976391228 0.19287557220141485
0 0.3600868153144713 0.6148564294631711 0.12932983573793014 0.17621306699958383
0 0.7867934545000312 0.5697627965043695 0.1310911248516644 0.1797170203911778
0 0.23366435575541813 0.43153558052434454 0.14880394728624075 0.219250936329588
0 0.19826681656361253 0.10513940907199334 0.1430953719317969 0.18963795255930085
0 0.9220254824807945 0.48983354140657515 0.1412091686965211 0.1805160216396171
0 0.23368933857972646 0.7343154390345401 0.13458872025482485 0.18560133166874743
0 0.6389138717131971 0.5727174365376613 0.12853663106614194 0.1783936745734498
0 0.39564674286428075 0.857973366625052 0.13203422646930238 0.18427798585101943
0 0.059446630441571426 0.6647440699126093 0.11889326088314285 0.1924094881398253
0 0.5810411592030479 0.945859342488556 0.13572543876085189 0.10828131502288814
0 0.8647304977827742 0.8443653766125676 0.14473174692398982 0.18752392842280474
0 0.07811192305290114 0.26673741156887226 0.14559990006870277 0.18871410736579278