0 0.7540433575521295 0.0931639085894405 0.13789946246086593 0.17734436564223796
0 0.25390158898930826 0.685795902285264 0.14473979561698855 0.1843577620173365
0 0.303966566247268 0.19442474389282902 0.15191682910981152 0.18506698187549253
0 0.4179573512906846 0.9224389282899922 0.13460925039872404 0.09885736800630411
0 0.6363695433870873 0.8606776989755712 0.15552011341485017 0.18014184397163135
0 0.29521235749305924 0.5070724980299448 0.14762242306101953 0.18041765169424745
0 0.5294376513674759 0.8980299448384554 0.1381239293519995 0.12561071710007887
0 0.737116781853624 0.7821513002364066 0.1334691948727037 0.19275019700551618
0 0.8362307283359915 0.630929866036249 0.16480004725618758 0.1990149724192278
0 0.7565951916829109 0.5123719464144996 0.15173371138283429 0.1934988179669031
0 0.8160316616456967 0.3232860520094563 0.1484375922972414 0.2026792750197005
0 0.6901057357197707 0.6426910953506697 0.13113592060960474 0.17139479905437374
0 0.4187754740386319 0.6834318360914104 0.12182645165101318 0.1630811662726554
0 0.655404926457558 0.4623719464144996 0.13234686041703592 0.16623325453112686
0 0.6691682910981157 0.3136918833727344 0.14986118494890438 0.17852639873916465
0 0.5171451355661882 0.09491725768321513 0.15325181640971108 0.18983451536643026
0 0.42938448815641794 0.14613869188337272 0.14857345383661175 0.18262411347517732
0 0.3497962076909445 0.6179275019700552 0.14937090200248096 0.182702915681639
0 0.48711382834189854 0.7789992119779355 0.13576702699509716 0.16973995271867623
0 0.6173991375745762 0.208451536643026 0.14388327721661065 0.20539795114263198
0 0.5868184771693544 0.7027186761229314 0.1301848898340126 0.16918833727344357
0 0.4203290212062142 0.2932821118991332 0.151993620414673 0.18613081166272666
0 0.5342400614330439 0.2691686367218282 0.1549530391635655 0.18325453112687154
0 0.5450735424419635 0.4025610717100079 0.12820603697796676 0.1637115839243499
0 0.5746234272550063 0.5282111899133175 0.14576761769744231 0.18762805358550047
0 0.4517041762655798 0.42196611505122145 0.14691948727036444 0.2035855003940111
0 0.44513556618819783 0.5201142631993696 0.1275621714218206 0.16576044129235615
0 0.5012611495067635 0.6356382978723404 0.14553724378285776 0.18443656422379834
0 0.34373264811861304 0.41710007880220645 0.15124342843641086 0.19767533490937741
0 0.29150570027763006 0.9118991331757289 0.12913934668320629 0.1437352245862884
0 0.7471203260676945 0.24759653270291568 0.15271427727568074 0.18514578408195426
0 0.6400584795321638 0.07975768321513002 0.1409356725146199 0.15951536643026004
0 0.38066631224525954 0.05405831363278171 0.15018016421525196 0.10811662726556343
0 0.34600389863547754 0.7934791174152876 0.1487565715635891 0.17419227738376689
0 0.5088605351763247 0.018104806934594167 0.1357433989012936 0.036209613869188334
0 0.6633823616279757 0.019523246650906222 0.15770571209167702 0.039046493301812445
0 0.25532222812924565 0.06667651694247438 0.16180518636658991 0.13335303388494876
0 0.27522594364699626 0.32476359338061467 0.14363518223167343 0.1800236406619386