0 0.680032338763805 0.8758241758241758 0.1382817743608518 0.17362637362637362
0 0.3499755933858076 0.09615384615384616 0.14376105924705593 0.1824175824175824
0 0.7076819818170724 0.2478021978021978 0.14436512294831888 0.19230769230769232
0 0.09878577094392581 0.2774725274725275 0.14939288547196292 0.18021978021978022
0 0.12567575813045334 0.5857142857142857 0.14971017145646473 0.1989010989010989
0 0.47485508572823226 0.1824175824175824 0.14073463908719253 0.18681318681318682
0 0.09704679968271401 0.4340659340659341 0.15852095917993778 0.1813186813186813
0 0.16672768320214776 0.7362637362637363 0.15016779547257308 0.16593406593406593
0 0.2576240161083654 0.8934065934065935 0.154920983586552 0.2032967032967033
0 0.3645554945390201 0.8082417582417583 0.15088779059125015 0.1912087912087912
0 0.49320275794740376 0.9137362637362637 0.1563365672097139 0.17252747252747253
0 0.2820611385685521 0.6956043956043956 0.13362621270364264 0.16483516483516483
0 0.3140093965464641 0.3208791208791209 0.12712185002135581 0.15274725274725276
0 0.42598389163463296 0.6791208791208792 0.12964183293672574 0.16703296703296702
0 0.5340563792787846 0.7236263736263736 0.13928854719629016 0.1901098901098901
0 0.7346726462871438 0.5543956043956044 0.15019830374031365 0.1934065934065934
0 0.7153090487522119 0.42637362637362636 0.14244920373421202 0.1879120879120879
0 0.3787631948257978 0.23846153846153847 0.1425163219232412 0.189010989010989
0 0.22656049789492952 0.39725274725274723 0.13238147537982792 0.17142857142857143
0 0.6250045762401611 0.6708791208791208 0.16003416925986944 0.17912087912087912
0 0.26074501189822447 0.5456043956043956 0.13191164805662334 0.16373626373626374
0 0.6068002928793703 0.389010989010989 0.14518884617731412 0.19230769230769232
0 0.5987491610226371 0.5478021978021979 0.1429861492464459 0.1967032967032967
0 0.49625358472145953 0.5401098901098901 0.1276587955335895 0.16153846153846155
0 0.3946183415705656 0.5587912087912088 0.14629934712307038 0.1835164835164835
0 0.5029715052779303 0.4098901098901099 0.15865519555799623 0.1835164835164835
0 0.43041369211056196 0.3840659340659341 0.12923912380255043 0.16043956043956045
0 0.33099334919763257 0.44065934065934065 0.1438281774360852 0.1835164835164835
0 0.5312221612056868 0.2642857142857143 0.1541155653182012 0.1901098901098901
0 0.15648605772164256 0.10824175824175825 0.14186344499359327 0.16483516483516483
0 0.5660351455244372 0.8406593406593407 0.14443224113734826 0.1934065934065934
0 0.7225883214351089 0.7252747252747253 0.13690280065897845 0.17802197802197803
0 0.8264140582097749 0.38076923076923075 0.14861797547135291 0.1945054945054945
0 0.24832509610104336 0.20274725274725275 0.13592653609128075 0.189010989010989
0 0.8552565745316981 0.5626373626373626 0.15618402587101088 0.1835164835164835
0 0.9065623283909939 0.3362637362637363 0.14562816523277833 0.17252747252747253
0 0.8196839343462078 0.7741758241758242 0.1611568735127221 0.210989010989011
0 0.8354048447129173 0.20659340659340658 0.14626273720178168 0.2098901098901099
0 0.6166788699737629 0.18681318681318682 0.1403990481420464 0.1813186813186813
0 0.043025809994508515 0.5164835164835165 0.08605161998901703 0.1824175824175824