0 0.27384638737097755 0.1050044574114596 0.14083181542197934 0.1811897236404895
0 0.6450364298724954 0.6530310397925279 0.15115361262902244 0.1993759623956559
0 0.3604735883424408 0.20910932814652725 0.1387370977534912 0.1941486344112165
0 0.3231936854887675 0.44275873247426856 0.13597449908925321 0.18303752330010536
0 0.5761839708561021 0.7962517221817003 0.1486338797814207 0.19701758651430432
0 0.3462659380692168 0.040408460977388774 0.12877959927140253 0.041672744955020664
0 0.7788251366120219 0.4633317124564389 0.1428354584092288 0.19443228786773656
0 0.5370673952641165 0.5041494448496636 0.1461445051608986 0.1957533025366724
0 0.7756678809957498 0.7694991490396306 0.1428051001821493 0.19333819596401666
0 0.6793564055859137 0.2300834751600616 0.1444444444444444 0.19345165734662448
0 0.6388281724347299 0.38841883458951293 0.1487856709168186 0.20248804603290388
0 0.39436854887674566 0.6449995947807764 0.13518518518518513 0.18407488451252135
0 0.5299787492410444 0.12327984439581814 0.13840315725561617 0.18211362347029744
0 0.4939283545840923 0.8453683442742523 0.1679417122040073 0.2147337709700948
0 0.3795081967213115 0.9131088418834589 0.16114146933819065 0.1737823162330822
0 0.43269581056466305 0.3440068076829565 0.15768063145112332 0.19873571602236817
0 0.5809350333940498 0.986502147661885 0.13211900425015183 0.026995704676229804
0 0.4958864602307226 0.2864454169705811 0.13682452944748041 0.1841883458951292
0 0.2300394656952034 0.5442864089472405 0.14186399514268364 0.18890509765783284
0 0.19207650273224042 0.2846016695032012 0.13047965998785674 0.19139314369073676