0 0.6076612903225806 0.16632815611310237 0.15 0.2029868578255675
0 0.7338709677419355 0.20816407805655116 0.1532258064516129 0.20545599362803665
0 0.5790322580645161 0.8809836718438868 0.1338709677419355 0.13687773795300678
0 0.4044354838709677 0.8772600557546794 0.14596774193548387 0.1767821585025886
0 0.7407258064516129 0.5230784547988849 0.14838709677419354 0.19960175228992438
0 0.5120967741935484 0.9069494225408203 0.1338709677419355 0.09816806053365194
0 0.2995967741935484 0.8317005177220231 0.13064516129032258 0.1978494623655914
0 0.20846774193548387 0.6638191955396257 0.1588709677419355 0.2189167662285942
0 0.2778225806451613 0.5494424532058941 0.15241935483870966 0.22473118279569892
0 0.21774193548387097 0.36774193548387096 0.14919354838709678 0.22226204699322977
0 0.3439516129032258 0.6826961369972122 0.13548387096774195 0.18972520908004767
0 0.6169354838709677 0.7030465949820788 0.12016129032258065 0.18821186778176016
0 0.3786290322580645 0.49862604540023897 0.13306451612903225 0.18410991636798096
0 0.36532258064516127 0.3494026284348865 0.15080645161290324 0.19876543209876543
0 0.5201612903225806 0.11851851851851852 0.15403225806451612 0.21306252489048189
0 0.7842741935483871 0.7010354440461967 0.14516129032258066 0.2035842293906809
0 0.6846774193548387 0.6377538829151732 0.15080645161290324 0.20306650736758275
0 0.5435483870967742 0.8081441656710474 0.13225806451612904 0.1872560732775788
0 0.41854838709677417 0.24038231780167263 0.14516129032258066 0.22508960573476708
0 0.4467741935483871 0.737594583831143 0.1314516129032258 0.1871764237355636
0 0.6161290322580645 0.31441656710473914 0.1532258064516129 0.206531262445241
0 0.5016129032258064 0.29669454400637196 0.15645161290322582 0.20469932297889282
0 0.4899193548387097 0.43172043010752686 0.12903225806451613 0.1804858622062923
0 0.46048387096774196 0.5604340900039825 0.14919354838709678 0.20720828355236956
0 0.5834677419354839 0.446136997212266 0.14838709677419354 0.2232576662684189
0 0.589516129032258 0.5450019912385504 0.1282258064516129 0.18255675029868584
0 0.5326612903225807 0.6645957785742732 0.14677419354838708 0.20374352847471108
0 0.6915322580645161 0.44191557148546395 0.15080645161290324 0.20414177618478693
0 0.7439516129032258 0.8910394265232975 0.1314516129032258 0.08395061728395069
0 0.2875 0.2871963361210673 0.15403225806451612 0.20553564317005177
0 0.3963709677419355 0.10386300278773397 0.14193548387096774 0.19466348068498607
0 0.6584677419354839 0.06750298685782556 0.1532258064516129 0.13500597371565112
0 0.6842741935483871 0.8114496216646753 0.14193548387096774 0.18606133014735157
0 0.530241935483871 0.0342094782954998 0.13790322580645162 0.0684189565909996
0 0.6987903225806451 0.018100358422939063 0.12741935483870967 0.036200716845878125
0 0.35846774193548386 0.04609717244125846 0.16693548387096774 0.09219434488251692
0 0.2818548387096774 0.1323775388291517 0.13870967741935483 0.19649542015133412
0 0.7842741935483871 0.0769115890083632 0.16532258064516128 0.1538231780167264
0 0.7620967741935484 0.33763440860215055 0.14516129032258066 0.20035842293906803
0 0.20967741935483872 0.8298287534846674 0.1620967741935484 0.23213859020310637
0 0.43951612903225806 0.02473118279569892 0.13870967741935483 0.04946236559139784