0 0.75 0.5130208333333334 0.1234375 0.17708333333333334
0 0.44140625 0.5583333333333333 0.109375 0.14583333333333334
0 0.52109375 0.08697916666666666 0.1171875 0.17395833333333333
0 0.51328125 0.725 0.11171875 0.13958333333333334
0 0.241796875 0.43333333333333335 0.12265625 0.17708333333333334
0 0.532421875 0.8484375 0.13125 0.18854166666666666
0 0.791015625 0.71875 0.11484375 0.159375
0 0.491796875 0.6130208333333333 0.13671875 0.16875
0 0.44296875 0.11510416666666666 0.13125 0.17604166666666668
0 0.733203125 0.3885416666666667 0.11953125 0.1625
0 0.527734375 0.24739583333333334 0.11796875 0.175
0 0.30234375 0.4010416666666667 0.12421875 0.153125
0 0.575 0.4197916666666667 0.13125 0.17916666666666667
0 0.83515625 0.35052083333333334 0.12109375 0.16666666666666666
0 0.344921875 0.2677083333333333 0.134375 0.15520833333333334
0 0.901171875 0.28958333333333336 0.11875 0.153125
0 0.671875 0.5421875 0.12265625 0.17083333333333334
0 0.725 0.8151041666666666 0.1171875 0.159375
0 0.834375 0.18020833333333333 0.1234375 0.19375
0 0.696875 0.6661458333333333 0.1359375 0.15833333333333333
0 0.618359375 0.16510416666666666 0.11875 0.17083333333333334
0 0.625390625 0.70625 0.12265625 0.18541666666666667
0 0.88125 0.6333333333333333 0.13984375 0.16979166666666667
0 0.280078125 0.18854166666666666 0.11328125 0.153125
0 0.230859375 0.2760416666666667 0.12109375 0.15729166666666666
0 0.130859375 0.503125 0.11640625 0.14895833333333333
0 0.395703125 0.7921875 0.12265625 0.17604166666666668
0 0.34375 0.6328125 0.11640625 0.15416666666666667
0 0.21328125 0.6036458333333333 0.1296875 0.16458333333333333
0 0.292578125 0.7651041666666667 0.12734375 0.17083333333333334
0 0.21015625 0.7411458333333333 0.12265625 0.15416666666666667
0 0.391796875 0.428125 0.128125 0.15416666666666667
0 0.633984375 0.3567708333333333 0.1171875 0.178125
0 0.57421875 0.5421875 0.109375 0.146875
0 0.491796875 0.4265625 0.10703125 0.15416666666666667
0 0.70546875 0.2125 0.1328125 0.18125