0 0.6380444910319124 0.9976279214224707 0.1205334265082692 0.0047441571550587034
0 0.32379746098299556 0.9480219737557264 0.14846261355695317 0.10395605248854721
0 0.24947006755182857 0.8204907213292958 0.12353249475890984 0.16885627766130917
0 0.7291259026321919 0.9499767062660145 0.14860819939436293 0.10004658746797102
0 0.5874388539482879 0.2215001164686699 0.12113324015839753 0.16135569531795949
0 0.3954053109713487 0.7414473173383027 0.1268285581178663 0.19632735460827705
0 0.4817755648730492 0.2713448249087662 0.115624272070813 0.15992701296684525
0 0.34436873980899135 0.16012889199472008 0.11733053808525504 0.18414473173383022
0 0.2308292569298859 0.28283251805264387 0.1480025623107385 0.18836089758521624
0 0.2945812951316096 0.4156960944172684 0.13540065222455155 0.18329839273235501
0 0.25439086885627765 0.5010016305613789 0.14879454926624736 0.18946346766053268
0 0.37423421849522476 0.3053303827936952 0.11721406941532725 0.16318037114682812
0 0.6426799440950384 0.3291326966379377 0.10773351968320515 0.15414240236043175
0 0.3873777078965758 0.4876504386986567 0.11797111576985794 0.15799363304604383
0 0.35239051945026784 0.6273196676760617 0.13374097367808058 0.16746641820017086
0 0.4799935942231539 0.8752271139063592 0.13696715583508032 0.18235887879493748
0 0.5709993011879805 0.8448171441882133 0.13377009084556254 0.17270750834692114
0 0.7024050780340089 0.40823821725289233 0.13455625436757512 0.1727618603928876
0 0.5582605404146285 0.09417268421461295 0.1271896109946424 0.11986179051168568
0 0.7430293501048219 0.5279680099386599 0.13297228045655718 0.17055672024225482
0 0.45082692755648734 0.10876620855656496 0.1407989750757046 0.16481093252581724
0 0.6707255998136501 0.0940833915676683 0.12550663871418585 0.09983694386210112
0 0.6988964593524343 0.8274439009239848 0.13692639180060548 0.17502135258948673
0 0.8033135336594456 0.36488081372777387 0.12985092010249263 0.17453218417579
0 0.4829227812718379 0.7018829101638325 0.14005939902166317 0.1731423247146519
0 0.5969397856976474 0.705571084711546 0.13693221523410215 0.17606957061883685
0 0.4879746098299557 0.5711545927478842 0.11402282785930579 0.15457721872816216
0 0.7416317260656883 0.7087584439785698 0.1290472862799906 0.17133317804177345
0 0.47335196832052184 0.44273623728550354 0.13065455392499412 0.17773119030980664
0 0.5807622874446774 0.5738993710691824 0.12995574190542755 0.19340010870409188
0 0.5985849056603775 0.48023138442425656 0.11324831120428618 0.15661930274089614
0 0.5571977638015374 0.3562543675751223 0.13063708362450502 0.17458653622175632
0 0.6851997437689262 0.6031407717990528 0.13463778243652447 0.18743691280378907
0 0.7924237130211974 0.1308098454848979 0.11635220125786164 0.14949918471931048
0 0.26916491963661776 0.6729482102647721 0.1463603540647566 0.1756735771410824
0 0.3577393431167016 0.8678235887879494 0.12666550197996737 0.1669772497864741
0 0.6049062427207081 0.9469213448249088 0.13759026321919404 0.10615731035018258
0 0.7261472163987887 0.24000310583119808 0.13450966689960397 0.16437611615808684
0 0.4754484043792219 0.9667093718456402 0.1286745865362219 0.06658125630871958