0 0.031640625 0.48125 0.06171875 0.15520833333333334
0 0.147265625 0.5557291666666667 0.1328125 0.15729166666666666
0 0.3109375 0.1359375 0.12265625 0.16666666666666666
0 0.41953125 0.08489583333333334 0.13828125 0.16875
0 0.162890625 0.70625 0.12578125 0.18229166666666666
0 0.33359375 0.3328125 0.1109375 0.15520833333333334
0 0.24921875 0.5442708333333334 0.1359375 0.15833333333333333
0 0.2921875 0.6354166666666666 0.1171875 0.153125
0 0.323046875 0.7885416666666667 0.11640625 0.15520833333333334
0 0.412890625 0.7020833333333333 0.11484375 0.153125
0 0.242578125 0.8776041666666666 0.128125 0.190625
0 0.4375 0.4010416666666667 0.10390625 0.14895833333333333
0 0.5640625 0.7453125 0.14140625 0.171875
0 0.594140625 0.5484375 0.11640625 0.17916666666666667
0 0.766015625 0.5140625 0.13515625 0.18541666666666667
0 0.71171875 0.41770833333333335 0.13203125 0.18645833333333334
0 0.59296875 0.38333333333333336 0.115625 0.18020833333333333
0 0.49375 0.5619791666666667 0.10703125 0.146875
0 0.519921875 0.4192708333333333 0.13125 0.17916666666666667