0 0.56484375 0.1578125 0.1171875 0.15729166666666666
0 0.098046875 0.39791666666666664 0.1359375 0.17291666666666666
0 0.7015625 0.20520833333333333 0.1328125 0.15833333333333333
0 0.3625 0.5057291666666667 0.121875 0.175
0 0.259375 0.5739583333333333 0.1203125 0.15520833333333334
0 0.64296875 0.0703125 0.121875 0.140625
0 0.259765625 0.15 0.12421875 0.16041666666666668
0 0.560546875 0.303125 0.12421875 0.14583333333333334
0 0.537890625 0.0828125 0.11015625 0.15833333333333333
0 0.68125 0.4276041666666667 0.11484375 0.16979166666666667
0 0.6375 0.28854166666666664 0.13125 0.146875
0 0.462890625 0.4270833333333333 0.13046875 0.153125
0 0.206640625 0.3734375 0.1265625 0.14479166666666668
0 0.76953125 0.27291666666666664 0.13359375 0.18541666666666667
0 0.627734375 0.509375 0.12890625 0.1625
0 0.459765625 0.23854166666666668 0.12265625 0.16979166666666667
0 0.34375 0.4088541666666667 0.1328125 0.15208333333333332
0 0.545703125 0.4270833333333333 0.13359375 0.16979166666666667
0 0.373828125 0.0921875 0.12890625 0.15625
0 0.8109375 0.40989583333333335 0.12578125 0.175
0 0.77890625 0.5286458333333334 0.12578125 0.16979166666666667
0 0.437890625 0.07447916666666667 0.11796875 0.14895833333333333
0 0.2203125 0.47760416666666666 0.115625 0.12604166666666666
0 0.10234375 0.6901041666666666 0.1296875 0.15729166666666666
0 0.214453125 0.8286458333333333 0.12734375 0.18333333333333332
0 0.34375 0.7682291666666666 0.1359375 0.16770833333333332
0 0.462890625 0.8984375 0.11640625 0.125
0 0.20703125 0.6682291666666667 0.1203125 0.17083333333333334
0 0.33984375 0.6104166666666667 0.11484375 0.15416666666666667
0 0.40703125 0.6817708333333333 0.12421875 0.16354166666666667
0 0.47578125 0.7583333333333333 0.11796875 0.178125
0 0.586328125 0.8338541666666667 0.12109375 0.178125
0 0.548828125 0.7020833333333333 0.1203125 0.159375
0 0.716796875 0.8979166666666667 0.13515625 0.16770833333333332
0 0.784375 0.7708333333333334 0.13359375 0.18229166666666666
0 0.670703125 0.7395833333333334 0.13125 0.178125
0 0.690234375 0.6057291666666667 0.1359375 0.16666666666666666
0 0.568359375 0.5614583333333333 0.13515625 0.15208333333333332
0 0.48359375 0.56875 0.128125 0.153125
0 0.35546875 0.246875 0.11953125 0.171875
0 0.3015625 0.31614583333333335 0.11015625 0.13958333333333334
0 0.18359375 0.25625 0.1375 0.14791666666666667