0 0.15267295597484276 0.7752931128193182 0.15319124155602143 0.21274167249010037
0 0.5172926857675286 0.8503299945647954 0.14997670626601456 0.20623495613013434
0 0.322562893081761 0.4613168724279835 0.15001164686699275 0.20937961021818466
0 0.5756726065688329 0.9547985092010249 0.14998252969951087 0.09040298159795024
0 0.6916229909154438 0.924093485519062 0.1570405310971348 0.1518130289618759
0 0.4372816212438854 0.2977327432254057 0.14900419287211739 0.18940911561456633
0 0.25086186815746564 0.64780650671636 0.15133938970416955 0.18747573569376516
0 0.4117546005124621 0.5771061417811942 0.1492021896109946 0.207228822113518
0 0.26633181924062427 0.3530514791521081 0.14272653156300955 0.19002251727618605
0 0.32023643139995345 0.7061029583042162 0.13886559515490338 0.1960400652224553
0 0.44388248311204287 0.44715039987576677 0.1389354763568601 0.2023293733985558
0 0.5396634055439087 0.5009783368273933 0.15217214069415327 0.1917229598571318
0 0.35146750524109016 0.8692872117400419 0.15070463545306312 0.2010482180293503
0 0.47218145818774754 0.20153738644304683 0.15086769159096206 0.21572327044025158
0 0.6681720242254834 0.5124854414162591 0.15550314465408802 0.20871185651059862
0 0.36513219194036806 0.9377203199006134 0.1406883298392733 0.12455936019877317
0 0.5163201723736316 0.6546199239071356 0.15051828558117877 0.1842767295597484
0 0.6517732354996506 0.6430041152263374 0.14820638248311202 0.1883065455392501
0 0.43042452830188677 0.737848435437534 0.14757162823200567 0.20187902787483503
0 0.6203849289541112 0.84801615032223 0.1546238061961333 0.20027176022983156
0 0.5600017470300489 0.33454072521158473 0.1476648031679478 0.21026477210963587
0 0.24107558816678315 0.501840204984859 0.15369788027020728 0.18763879183166396
0 0.46597076636384815 0.9187980433263452 0.1334090379687863 0.16240391334730964