0 0.08268866135760333 0.839724120475829 0.13215775502464921 0.1929891166793216
0 0.2538016685627607 0.14214544840968532 0.14746555429149283 0.19131865350544167
0 0.5791556061180634 0.7762001181135577 0.1503286563013526 0.2050873196659073
0 0.3159113892049046 0.2856028009786552 0.14570850714195419 0.18897325571585252
0 0.502648211351283 0.2918965662701426 0.1379534824927317 0.18525267864675604
0 0.7055397547718366 0.7181937062347086 0.14857160915181392 0.20274192187631812
0 0.40208886360763496 0.8977684974268118 0.14440020225003156 0.1684383700329031
0 0.49442864366072553 0.5948789336033072 0.14678928074832504 0.19925757192272006
0 0.6351061812665908 0.9307306167215053 0.13766274807230441 0.09534295115160732
0 0.24955441789912777 0.7202691301780141 0.14503223359878648 0.1969121741331309
0 0.3802743016053596 0.7036994853623556 0.1528378207559095 0.2029106555302455
0 0.5351093414233346 0.4462161478106808 0.1555239539881179 0.2087066565426474
0 0.20523637972443431 0.4934615709103181 0.1405637719630894 0.1876318231671307
0 0.7630198457843509 0.6338437526364633 0.1599671343698648 0.21684805534463847
0 0.8783118442674758 0.49932928372563906 0.18059663759322458 0.22449168986754406
0 0.07684869169510808 0.5766261705897241 0.13205663000884843 0.18843330802328526
0 0.39950069523448356 0.41567113810849576 0.1497029452660852 0.21530414241120382
0 0.8984926052332195 0.677503585590146 0.17731007457969922 0.2300514637644478
0 0.3395967639994944 0.4870075086475998 0.13797876374668183 0.1863916308107653
0 0.603741625584629 0.191002277904328 0.1423966628744786 0.19339407744874718
0 0.668540639615725 0.35943221125453473 0.15963847806851217 0.20204167721252
0 0.4170743268866136 0.08203830253944148 0.1464353431930224 0.16407660507888297
0 0.12822335987864997 0.21721926938327848 0.15524586019466566 0.19617818273854717