0 0.6265081937691338 0.43746993746993745 0.1216459571402845 0.1574074074074074
0 0.669511975508734 0.5848164181497514 0.14208535926526214 0.16923200256533596
0 0.5273815955339456 0.8409692159692159 0.14303979830722138 0.17793009459676123
0 0.4352962362686836 0.7902837902837903 0.14545290833783536 0.17696809363476051
0 0.3011525301638754 0.33225108225108224 0.13808752025931928 0.17227833894500566
0 0.4188726814334594 0.14446047779381113 0.12737259139204027 0.16093474426807766
0 0.6024491265982351 0.7219015552348886 0.13047001620745544 0.20109828443161773
0 0.5288942913740321 0.20075757575757575 0.11926886367729149 0.16053391053391058
0 0.4129299477759769 0.6402918069584737 0.140518638573744 0.17239858906525574
0 0.5266162434719971 0.6487493987493986 0.1438861876463174 0.18013468013468004
0 0.5218710606879164 0.5098003848003848 0.11755807671528898 0.1550424883758218
0 0.5371150729335494 0.37798621131954463 0.13412569782099754 0.1774891774891775
0 0.42614802809292274 0.5085778419111753 0.13358544930668106 0.19368286034952698
0 0.3626958400864398 0.25338704505371173 0.11107509454348996 0.15472182138848803
0 0.6394561498289214 0.24078082411415747 0.1201152530163875 0.1627384960718294
0 0.7631100306140824 0.4583333333333333 0.15256618044300377 0.16650633317299984
0 0.7212947956059788 0.3580447330447331 0.13907797586889972 0.18314093314093308
0 0.7875922924545291 0.22370530703864036 0.15211597334774005 0.18811127144460474
0 0.6706374932468935 0.09206148789482123 0.12047541869259848 0.18412297578964246
0 0.449315685215199 0.037037037037037035 0.13039798307221315 0.07407407407407407
0 0.2589771294795606 0.4540243706910373 0.1364307581487484 0.17003367003367
0 0.5582658022690438 0.056156806156806155 0.14408427876823335 0.11231361231361231
0 0.32622906537007024 0.045514670514670515 0.1321988114532685 0.09102934102934103
0 0.1817035836484783 0.36740420073753405 0.10250315144966679 0.17484367484367483
0 0.22487844408427876 0.23258377425044094 0.13248694399423738 0.17632675966009298
0 0.40790563659283274 0.4114558281224948 0.11678372051143524 0.15716690716690712
0 0.45081037277147484 0.2847723264389931 0.13407167296956593 0.17424242424242425
0 0.31830542049342697 0.534491742825076 0.138339636232667 0.1874298540965208