0 0.38610963435524837 0.18565799842395586 0.12310236871640386 0.17620173364854214
0 0.9106828519109221 0.5841213553979512 0.13886230728335983 0.15996847911741535
0 0.9212830054935317 0.3121552403467297 0.12472089314194548 0.178408195429472
0 0.7581753204560222 0.8815405831363278 0.14462165514797115 0.17620173364854208
0 0.8970701163683621 0.7681245074862096 0.12727863429617836 0.19342001576044127
0 0.10375686691476166 0.6437746256895193 0.144668911335578 0.18045705279747826
0 0.1320721838265698 0.8601851851851853 0.1461102250575935 0.1667060677698978
0 0.8596609368539193 0.9035855003940111 0.1118553960659222 0.1682033096926716
0 0.26075668970405813 0.12145390070921987 0.12415972591411187 0.19964539007092197
0 0.06632701281824088 0.42358156028368793 0.13265402563648176 0.1790780141843971
0 0.0639110402268297 0.1489164696611505 0.1278220804536594 0.19570527974783292
0 0.1395238939098588 0.7280338849487785 0.13527674404867387 0.19594168636721832
0 0.09158839860594248 0.30256107171000785 0.1285899935022742 0.16796690307328607
0 0.12149270482603816 0.5195823483057526 0.13744462165514798 0.17584712371946415
0 0.7385669561108158 0.24032702915681636 0.11271191446630047 0.1735618597320725
0 0.16483844290861835 0.35248226950354616 0.12962372260617874 0.18928289992119773
0 0.23725559690471967 0.6929472025216706 0.11987713391222166 0.17285263987391628
0 0.381050268769567 0.8208628841607565 0.12562466772993086 0.18802206461780943
0 0.8384960718294051 0.15106382978723404 0.12537657274499375 0.16568163908589442
0 0.466575107803178 0.26840031520882585 0.12477996337645454 0.18372734436564223
0 0.63842814105972 0.45624507486209614 0.12551834130781506 0.17844759653270295
0 0.5473772815878079 0.39267139479905433 0.11330852383483968 0.1555161544523247
0 0.47496603461515746 0.4109141055949566 0.13986059424655903 0.17809298660362488
0 0.5654409593006084 0.5622734436564223 0.12794612794612786 0.1817572892040976
0 0.46918601216846834 0.5362293144208038 0.11172544155000302 0.1565011820330969
0 0.36907082521117607 0.5344759653270291 0.12406521353889775 0.19113475177304973
0 0.37636009214956584 0.3810283687943262 0.1264103018488984 0.1869976359338062
0 0.6962933427845709 0.5623522458628841 0.11573631047315248 0.15882584712371947
0 0.3318802055644161 0.6502561071710008 0.14220568255655977 0.17395587076438135
0 0.7432778073128951 0.42683215130023644 0.11575993856695603 0.16095350669818756
0 0.6111140646228366 0.2574468085106383 0.12398251521058533 0.1836879432624113
0 0.26795735129068465 0.40707249802994483 0.12397070116368364 0.18262411347517726
0 0.2370931537598204 0.5279550827423168 0.13119499084411362 0.18723404255319148
0 0.42469726504814226 0.6984830575256108 0.12080453659401022 0.18459416863672204
0 0.5238761887884694 0.6767730496453902 0.11337940811625033 0.16189913317572896
0 0.662454958946187 0.3403467297084318 0.11876070648000468 0.14408983451536644
0 0.6536357729340185 0.703408195429472 0.11739027703939998 0.16422379826635153
0 0.4359442376986236 0.9071315996847912 0.13908677417449336 0.18018124507486216
0 0.5503160257546222 0.8105988967691095 0.13986059424655903 0.17809298660362488
0 0.631832949376809 0.8705082742316785 0.1320987654320988 0.19684791174152869
0 0.788936145076496 0.7340425531914894 0.1316616456967333 0.1574862096138691
0 0.865866264989072 0.4525807722616234 0.14211117018134575 0.16544523246650902
0 0.5236399078504341 0.19511426319936956 0.12236399078504334 0.1814814814814815
0 0.8188581723669442 0.5902285263987391 0.1295410242778663 0.18183609141055967
0 0.8204944178628389 0.3710401891252955 0.12856636540847063 0.16583924349881798
0 0.29177742335637075 0.23794326241134753 0.12720775001476753 0.187037037037037
0 0.6525518341307814 0.11845941686367219 0.12551834130781506 0.1784475965327029
0 0.1706923031484435 0.18459416863672182 0.12659932659932663 0.20401891252955082
0 0.2652253529446512 0.832702915681639 0.12142477405635299 0.16867612293144219