0 0.5844575604272063 0.845472326258843 0.15060895634251456 0.18897211818560136
0 0.4685872212853664 0.37332917186849773 0.12581974892261566 0.16778193924261345
0 0.5702922990444069 0.47668747399084477 0.12299044406970218 0.14970453599667077
0 0.6150178002623196 0.2747898460258011 0.15132096683530075 0.18114024136496054
0 0.5675660483417652 0.363799417394923 0.15334457560427217 0.201431543903454
0 0.6048622821810006 0.7535955056179776 0.13123477609143708 0.18933000416146478
0 0.3293423271500843 0.9027673741156886 0.1318343638748361 0.17475655430711606
0 0.3060052463931047 0.7935039533915939 0.14650552744987824 0.19554723262588422
0 0.44010680157391796 0.8916479400749064 0.14133408281806262 0.1886059092800666
0 0.4096683530073075 0.7107074490220557 0.13189057522952968 0.17812734082397
0 0.2774030354131535 0.6467831876820641 0.14976578602210983 0.18893882646691637
0 0.5241896196364999 0.9501664585934249 0.12325276372493922 0.0643778610070745
0 0.772634438823309 0.7711444028297961 0.13097245643620004 0.1735996670828131
0 0.37908000749484727 0.02254265501456513 0.139198051339704 0.04508531002913026
0 0.33297732808694025 0.3112234706616729 0.15735431890575233 0.18923845193508115
0 0.7714446318156268 0.2950353724511028 0.14545624882892996 0.1831543903454016
0 0.7465804759228031 0.03460258010819809 0.16095184560614578 0.06920516021639618
0 0.23875772906127038 0.17608822305451519 0.13612516394978452 0.17941739492301287
0 0.4624508150646431 0.23302954640033288 0.14554993442008624 0.18877236787349147
0 0.4757166947723441 0.02735330836454432 0.1369308600337269 0.05470661672908864
0 0.6083286490537755 0.03880149812734082 0.13908562863031662 0.07760299625468164
0 0.48121603897320586 0.11873075322513525 0.1506276934607459 0.1900957136912193
0 0.360755105864718 0.20612567623803582 0.1365748547873337 0.20638368705784432
0 0.5831459621510211 0.1343820224719101 0.1387108862656922 0.18288805659592175
0 0.7940603335207046 0.5381231793591345 0.1422709387296234 0.1942571785268415
0 0.41664792954843544 0.49680815647107784 0.14504403222784337 0.20896379525593006
0 0.312188495409406 0.08113607990012484 0.135994004122166 0.16227215980024967
0 0.22357129473486978 0.4543986683312526 0.16093310848791456 0.20173116937161878
0 0.7098182499531572 0.41945900957136917 0.14881019299231774 0.1821639617145235
0 0.3247142589469739 0.4734540158135664 0.1199737680344763 0.17091968372867247
0 0.8230185497470489 0.4532168123179359 0.12769346074573742 0.1790844777361631
0 0.4637717818999438 0.5652184769038702 0.12497657860221094 0.16774864752392843
0 0.7270376616076447 0.16186849771119433 0.1550683904815439 0.20374531835205997
0 0.5921210417837736 0.6219891801914273 0.1330148023234026 0.19501456512692467