0 0.7063802083333334 0.09375 0.14715277777777763 0.153125
0 0.7647337962962963 0.24114583333333334 0.13626736111111093 0.190625
0 0.1997193287037037 0.32135416666666666 0.15736111111111112 0.190625
0 0.24302662037037037 0.6354166666666666 0.13980324074074071 0.17395833333333333
0 0.36864583333333334 0.76875 0.1489988425925926 0.20104166666666667
0 0.8646296296296295 0.16614583333333333 0.1357349537037038 0.16666666666666666
0 0.4902054398148148 0.24479166666666666 0.14800925925925928 0.19166666666666668
0 0.6551736111111112 0.44375 0.1376909722222223 0.184375
0 0.5688570601851852 0.37395833333333334 0.12390046296296298 0.16145833333333334
0 0.4972366898148149 0.3854166666666667 0.15177662037037046 0.18541666666666667
0 0.5788454861111111 0.5421875 0.14005787037037046 0.18541666666666667
0 0.4858709490740741 0.5067708333333333 0.12236111111111114 0.1625
0 0.38798321759259263 0.49635416666666665 0.13718750000000002 0.196875
0 0.40392939814814816 0.35260416666666666 0.13709490740740743 0.19270833333333334
0 0.7072251157407408 0.5536458333333333 0.12631365740740746 0.16458333333333333
0 0.34627314814814814 0.6057291666666667 0.15326967592592594 0.18229166666666666
0 0.759375 0.421875 0.1272569444444443 0.171875
0 0.6371498842592593 0.24791666666666667 0.13702546296296295 0.18958333333333333
0 0.29489004629629634 0.36770833333333336 0.13858796296296294 0.18958333333333333
0 0.2532957175925926 0.4822916666666667 0.13550925925925927 0.19166666666666668
0 0.4248119212962963 0.6770833333333334 0.13309606481481479 0.18854166666666666
0 0.5331712962962962 0.6489583333333333 0.12482060185185198 0.16770833333333332
0 0.6875318287037038 0.33541666666666664 0.12139467592592582 0.15416666666666667
0 0.6664843749999999 0.6890625 0.12789930555555565 0.165625
0 0.5041782407407408 0.8208333333333333 0.14998842592592593 0.21041666666666667
0 0.5735648148148148 0.7791666666666667 0.14488425925925927 0.19166666666666668
0 0.6629079861111111 0.8796875 0.1491608796296296 0.20833333333333334
0 0.7701128472222222 0.746875 0.1435706018518518 0.16770833333333332
0 0.8766637731481481 0.4791666666666667 0.15251157407407412 0.18333333333333332
0 0.5543721064814815 0.17916666666666667 0.13463541666666679 0.1875
0 0.8289033564814815 0.6151041666666667 0.14348379629629626 0.19895833333333332
0 0.8964699074074074 0.3333333333333333 0.14387152777777779 0.18125
0 0.33174189814814814 0.19791666666666666 0.14100115740740735 0.19270833333333334