0 0.5882706044780599 0.07034632034632035 0.1473677891830241 0.1406926406926407
0 0.7008283810552854 0.1396103896103896 0.1397262740860796 0.19805194805194806
0 0.43879284470856594 0.14502164502164502 0.13967825199591807 0.1958874458874459
0 0.4805810672909538 0.03787878787878788 0.13296116213458178 0.07575757575757576
0 0.6500840386577825 0.2813852813852814 0.13691097905036323 0.18073593073593072
0 0.7994687556275887 0.29383116883116883 0.1674230145867098 0.20454545454545456
0 0.7216339516177442 0.4199134199134199 0.1585809472357284 0.2077922077922078
0 0.23762230626088002 0.17261904761904762 0.14756588030494025 0.18614718614718614
0 0.3600846389339096 0.030844155844155844 0.1367008824059067 0.06168831168831169
0 0.5449276667266942 0.21699134199134198 0.1328351041479079 0.17965367965367965
0 0.3770514436640855 0.22943722943722944 0.13340536646857556 0.16883116883116883
0 0.6471486883966624 0.6239177489177489 0.15645596974608314 0.18506493506493507
0 0.5639624227144486 0.7462121212121212 0.14404225943934212 0.20995670995670995
0 0.48142745663004977 0.8430735930735931 0.16322708445885106 0.19805194805194806
0 0.39547992076355126 0.7678571428571429 0.1624647337775377 0.2002164502164502
0 0.3850741341016868 0.6093073593073594 0.1597454829221442 0.18722943722943722
0 0.6181643556035776 0.4680735930735931 0.1334533885587371 0.170995670995671
0 0.29757488444684554 0.4458874458874459 0.15886307701542712 0.18398268398268397
0 0.42936850951437666 0.3777056277056277 0.13502611201152534 0.16883116883116883
0 0.4184224743381956 0.487012987012987 0.1585329251455669 0.20562770562770563
0 0.5105708625967945 0.512987012987013 0.1319767092862717 0.1774891774891775
0 0.4995828080917222 0.6569264069264069 0.1597935050123057 0.1893939393939394
0 0.1934299777897833 0.29924242424242425 0.1087880424995498 0.19155844155844157