0 0.5244580305983815 0.5294917257683215 0.11814046901766209 0.15234042553191493
0 0.5318093212830055 0.6628723404255319 0.14483430799220276 0.17014184397163126
0 0.41998936735778836 0.6582033096926714 0.14164451532872588 0.17004728132387706
0 0.5260972296060016 0.22605200945626477 0.11985350581841811 0.15770685579196214
0 0.6213420757280406 0.7059929078014185 0.13182113532990736 0.19420803782505922
0 0.41795144426723374 0.17124113475177305 0.12545927107330618 0.15893617021276593
0 0.3039577057120917 0.3561229314420804 0.13925217083111824 0.16997635933806152
0 0.44478114478114483 0.8043735224586288 0.13845472266524902 0.16995271867612285
0 0.5381121153050978 0.8388652482269503 0.1418571681729575 0.17962174940898343
0 0.6634945950735424 0.5919030732860521 0.13833658219623127 0.16463356973995263
0 0.62521708311182 0.4493262411347518 0.12219859412841866 0.1556501182033097
0 0.3632730816941343 0.2782505910165485 0.11176088369070826 0.15215130023640663
0 0.6354834898694547 0.26485815602836876 0.12151928643156701 0.16094562647754138
0 0.7604938271604937 0.46820330969267143 0.15396065922381708 0.18635933806146576
0 0.7182379349046016 0.3800354609929078 0.14028589993502277 0.18063829787234037
0 0.7811329670978795 0.2477659574468085 0.1531395829641443 0.18527186761229317
0 0.6633587335341721 0.11872340425531915 0.12199184830763786 0.18222222222222223
0 0.44343729694606887 0.05078014184397163 0.1308937326481186 0.10156028368794326
0 0.2647262094630516 0.47598108747044915 0.1376100183117727 0.16780141843971633
0 0.5535826097229606 0.07159574468085106 0.14544273140764358 0.14319148936170212
0 0.3308198948549826 0.04339243498817967 0.12884990253411308 0.08678486997635934
0 0.31323173252997816 0.773676122931442 0.14096520763187434 0.1753427895981086
0 0.20075019197826216 0.30808510638297876 0.13451473802350994 0.1719621749408983
0 0.7708901884340481 0.7925768321513003 0.12801701222753853 0.1664539007092199
0 0.6976047019906669 0.9240898345153664 0.1522830645637664 0.11082742316784885
0 0.5436292752082226 0.9435579196217493 0.1310059660936854 0.08574468085106374
0 0.2770039577057121 0.184468085106383 0.13906314608068993 0.1614657210401891
0 0.4115068816823203 0.9229905437352246 0.14166223639907846 0.13496453900709232
0 0.6621389331915648 0.8362529550827423 0.1311595487034083 0.164420803782506
0 0.7483962431330852 0.642080378250591 0.15126114950676361 0.17245862884160754
0 0.20705593951207987 0.07229314420803781 0.12041467304625199 0.14458628841607563
0 0.3247238466536712 0.5545744680851064 0.1395829641443677 0.1848699763593381
0 0.45052867859885404 0.30866430260047284 0.13531218618937924 0.17198581560283685
0 0.4106060606060606 0.43333333333333335 0.11739027703939979 0.15444444444444436
0 0.43028826274440307 0.5290898345153664 0.13494004371197357 0.19111111111111106
0 0.5371492704826039 0.40030732860520096 0.1353830704707897 0.17517730496453895