0 0.5857729743395274 0.17708596979667593 0.1577739855896852 0.22277060659748588
0 0.10593477436480848 0.41609719058466216 0.16434079130324863 0.20530667341601294
0 0.7177189988623436 0.25143423605838183 0.15190873467323973 0.1961528726904581
0 0.33527366957401084 0.512106639669282 0.15316015674377445 0.21665401164262207
0 0.22332195676905575 0.5531721926938328 0.1625458222727847 0.21758204673922205
0 0.6388130451270383 0.2573820973593183 0.1582290481607887 0.20243820129924917
0 0.24416003033750475 0.12039146207711128 0.16867652635570723 0.20686745971484014
0 0.4883516622424472 0.28948367501898253 0.1602831500442421 0.20830169577322194
0 0.48369359120212363 0.1337636041508479 0.15547971179370493 0.1851851851851852
0 0.6472696245733788 0.4352484603054079 0.16136392365061314 0.19821985995106728
0 0.57805587157123 0.3808529486206024 0.16773479964606255 0.21922719986501313
0 0.3552237390974592 0.3891841727832616 0.15843761850587787 0.2058550577912765
0 0.19170458854759198 0.20629798363283555 0.16099734546833522 0.20610815827216736
0 0.7762166603463532 0.39700919598413903 0.17130577676652756 0.20825951235974013
0 0.5552363797244343 0.5367206614359235 0.17600809000126405 0.2019320003374673
0 0.3110321071925168 0.2553362018054501 0.12646947288585508 0.1823167130684215
0 0.20897168499557578 0.45779549481144016 0.15100492984452027 0.1813464945583396
0 0.46566489697889013 0.4642706487808994 0.15382378965996713 0.1997384628364128
0 0.3965396283655669 0.2678014004893276 0.15403236000505632 0.20315531932844008
0 0.6348849702945266 0.6311060491014933 0.13770066995322974 0.18569138614696692
0 0.7384338263177853 0.5800430270817515 0.15648464163822534 0.2294355859276133
0 0.37216217924409045 0.11872521724457943 0.14816710908861086 0.17653758542141235
0 0.21878713184173934 0.33215219775584237 0.16563013525470863 0.19864169408588542
0 0.07747598280874732 0.6575339576478528 0.15495196561749464 0.20627689192609464
0 0.08626911894829983 0.8189276976292921 0.17253823789659967 0.23610056525774067
0 0.2233788395904437 0.8264574369357968 0.1609594235874099 0.23327427655445876
0 0.3010428517254456 0.9081878005568211 0.17527493363670837 0.18362439888635781
0 0.18721084565794463 0.6596009449084619 0.1568891417014284 0.19438116932422153
0 0.3225951207179876 0.6494980173795664 0.1531095942358741 0.2019320003374673
0 0.3450006320313488 0.7605669450771957 0.1603526734926053 0.20944064793723086
0 0.3883263809884971 0.8593815911583564 0.15897484515231958 0.2285497342444949
0 0.5105928454051321 0.9200835231586939 0.16033371255214252 0.15983295368261216
0 0.496511186954873 0.8448704969206108 0.15918341549740866 0.23196659073652248
0 0.6250790039185944 0.9581540538260356 0.16234357224118315 0.08369189234792884
0 0.7028504613828847 0.9250611659495487 0.15918341549740866 0.14987766810090275
0 0.6380798887624826 0.8600143423605838 0.17847933257489584 0.2146292077954947
0 0.6933668309948173 0.713658989285413 0.17912400455062577 0.21129671813043108
0 0.5536721021362659 0.7170336623639586 0.16992794842624195 0.22736859866700407
0 0.44822715206674246 0.6304100227790432 0.1651245101757048 0.20425208807896728