0 0.09055466950203793 0.1896335697399527 0.13423120089786758 0.17617809298660358
0 0.2553458562230492 0.8574428684003153 0.13023214602161973 0.17483845547675328
0 0.5626794258373206 0.29723404255319147 0.1319688109161793 0.18771473601260838
0 0.3140882509303562 0.729692671394799 0.12861362159607773 0.17260047281323887
0 0.48832476814932957 0.7412135539795115 0.12140114596254944 0.16891252955082747
0 0.6809409888357257 0.3628171788810087 0.13035028649063748 0.18547675334909372
0 0.3973566070057298 0.15557919621749408 0.12947013999645582 0.17797478329393224
0 0.48237344202256477 0.45644602048857374 0.12951739618406274 0.1822301024428684
0 0.6152903302026109 0.11962962962962963 0.12850729517396192 0.1630260047281324
0 0.2549382716049383 0.31846729708431837 0.12789887175852094 0.17999211977935387
0 0.3767617697442259 0.34602836879432625 0.13432571327308163 0.184688731284476
0 0.6156536121448403 0.6187391646966115 0.12218678008151689 0.1679038613081166
0 0.21182290743694251 0.5259613869188337 0.12381711855396065 0.1712056737588652
0 0.7346181109339004 0.4606067769897558 0.14096520763187426 0.2085342789598109
0 0.7674877429263394 0.15566981875492514 0.13589698151101667 0.18267139479905437
0 0.08291688818004608 0.43466115051221427 0.1349932069230315 0.1730417651694247
0 0.3929086183472148 0.6160874704491727 0.13127768917242605 0.19723404255319157
0 0.882521117608837 0.3252048857368006 0.138253883867919 0.179645390070922
0 0.3375273199834603 0.5442237982663515 0.12141296000945122 0.16997635933806152
0 0.5823025577411541 0.8444483845547676 0.125459271073306 0.17557131599684783
0 0.901391104022683 0.6969700551615446 0.14151456081280653 0.18624901497241905
0 0.4072951739618407 0.9269542947202521 0.12947013999645582 0.1460914105594957
0 0.13850197885285606 0.7760126083530339 0.13744462165514798 0.17852639873916465