0 0.6359375 0.16666666666666666 0.1171875 0.15729166666666666
0 0.09609375 0.39947916666666666 0.1359375 0.17291666666666666
0 0.728515625 0.15729166666666666 0.115625 0.15520833333333334
0 0.3625 0.5057291666666667 0.121875 0.175
0 0.259375 0.5739583333333333 0.1203125 0.15520833333333334
0 0.661328125 0.0484375 0.13125 0.096875
0 0.2375 0.15 0.12421875 0.17291666666666666
0 0.57109375 0.30052083333333335 0.12421875 0.14583333333333334
0 0.5484375 0.14010416666666667 0.109375 0.18020833333333333
0 0.694140625 0.434375 0.11484375 0.16979166666666667
0 0.650390625 0.3098958333333333 0.13125 0.146875
0 0.462890625 0.4270833333333333 0.13046875 0.153125
0 0.206640625 0.3734375 0.1265625 0.14479166666666668
0 0.78203125 0.26666666666666666 0.13359375 0.18333333333333332
0 0.627734375 0.509375 0.12890625 0.1625
0 0.46875 0.24895833333333334 0.1234375 0.16875
0 0.34375 0.4088541666666667 0.1328125 0.15208333333333332
0 0.545703125 0.4270833333333333 0.13359375 0.16979166666666667
0 0.3453125 0.0890625 0.1203125 0.16979166666666667
0 0.8109375 0.40989583333333335 0.12578125 0.175
0 0.77890625 0.5286458333333334 0.12578125 0.16979166666666667
0 0.44765625 0.13229166666666667 0.11328125 0.1625
0 0.2203125 0.47760416666666666 0.115625 0.12604166666666666
0 0.10234375 0.6901041666666666 0.1296875 0.15729166666666666
0 0.214453125 0.8286458333333333 0.12734375 0.18333333333333332
0 0.34375 0.7682291666666666 0.1359375 0.16770833333333332
0 0.462890625 0.8984375 0.11640625 0.125
0 0.20703125 0.6682291666666667 0.1203125 0.17083333333333334
0 0.40703125 0.6817708333333333 0.12421875 0.16354166666666667
0 0.47578125 0.7583333333333333 0.11796875 0.178125
0 0.586328125 0.8338541666666667 0.12109375 0.178125
0 0.548828125 0.7020833333333333 0.1203125 0.159375
0 0.716796875 0.8979166666666667 0.13515625 0.16770833333333332
0 0.784375 0.7708333333333334 0.13359375 0.18229166666666666
0 0.670703125 0.7395833333333334 0.13125 0.178125
0 0.690234375 0.6057291666666667 0.1359375 0.16666666666666666
0 0.568359375 0.5614583333333333 0.13515625 0.15208333333333332
0 0.48359375 0.56875 0.128125 0.153125
0 0.3453125 0.24947916666666667 0.11953125 0.171875
0 0.3015625 0.31614583333333335 0.11015625 0.13958333333333334
0 0.180859375 0.26614583333333336 0.1375 0.14791666666666667
0 0.33828125 0.6104166666666667 0.1125 0.15416666666666667