0 0.64296875 0.14739583333333334 0.1171875 0.171875
0 0.09609375 0.39947916666666666 0.1359375 0.17291666666666666
0 0.728515625 0.13541666666666666 0.12421875 0.15520833333333334
0 0.365625 0.49114583333333334 0.121875 0.175
0 0.2671875 0.5640625 0.1203125 0.15520833333333334
0 0.149609375 0.7854166666666667 0.11953125 0.17604166666666668
0 0.2375 0.15 0.12421875 0.17291666666666666
0 0.57421875 0.2838541666666667 0.12421875 0.14583333333333334
0 0.546484375 0.13645833333333332 0.109375 0.18020833333333333
0 0.180859375 0.26197916666666665 0.1375 0.15625
0 0.298828125 0.3098958333333333 0.11015625 0.13958333333333334
0 0.345703125 0.23385416666666667 0.11953125 0.171875
0 0.491015625 0.5463541666666667 0.128125 0.153125
0 0.568359375 0.5614583333333333 0.13515625 0.15208333333333332
0 0.690234375 0.6057291666666667 0.1359375 0.16666666666666666
0 0.670703125 0.7395833333333334 0.13125 0.178125
0 0.784375 0.7708333333333334 0.13359375 0.18229166666666666
0 0.716796875 0.8979166666666667 0.13515625 0.16770833333333332
0 0.5515625 0.7020833333333333 0.1203125 0.159375
0 0.586328125 0.8338541666666667 0.12109375 0.178125
0 0.47578125 0.7583333333333333 0.11796875 0.178125
0 0.4203125 0.6526041666666667 0.1203125 0.16145833333333334
0 0.338671875 0.5989583333333334 0.1015625 0.15416666666666667
0 0.249609375 0.7161458333333334 0.13203125 0.18229166666666666
0 0.36484375 0.9182291666666667 0.11640625 0.15520833333333334
0 0.389453125 0.7473958333333334 0.11953125 0.15416666666666667
0 0.289453125 0.8072916666666666 0.13359375 0.18541666666666667
0 0.173046875 0.6208333333333333 0.10546875 0.14895833333333333
0 0.2203125 0.47760416666666666 0.115625 0.12604166666666666
0 0.44765625 0.13229166666666667 0.11328125 0.1625
0 0.77890625 0.5286458333333334 0.12578125 0.16979166666666667
0 0.8109375 0.40989583333333335 0.12578125 0.175
0 0.3546875 0.0828125 0.1203125 0.165625
0 0.55859375 0.40520833333333334 0.13359375 0.16979166666666667
0 0.34453125 0.4005208333333333 0.1328125 0.15208333333333332
0 0.46875 0.24895833333333334 0.1234375 0.16875
0 0.694140625 0.434375 0.11484375 0.16979166666666667
0 0.631640625 0.503125 0.12890625 0.1625
0 0.78203125 0.26666666666666666 0.13359375 0.18333333333333332
0 0.199609375 0.3723958333333333 0.1265625 0.14479166666666668
0 0.46953125 0.40520833333333334 0.12421875 0.159375
0 0.6578125 0.2875 0.13203125 0.15729166666666666