0 0.5058304634161078 0.4349033816425121 0.12168449036312008 0.15797101449275355
0 0.6128330614464383 0.5085346215780998 0.12585342275391215 0.1614331723027375
0 0.354042051839768 0.7041666666666666 0.11515920488188028 0.15764895330112713
0 0.6327412240952208 0.69585346215781 0.1251888103437859 0.16682769726247967
0 0.7500302096550057 0.4783615136876006 0.15851005981511704 0.1934380032206119
0 0.7113769560751616 0.5716988727858294 0.14449277989245354 0.18731884057971032
0 0.7819618149960728 0.701549919484702 0.15766418947495603 0.19231078904991966
0 0.6686756087245483 0.8426529790660225 0.12579300344390063 0.18856682769726252
0 0.4485076430427165 0.9291666666666666 0.13410065857047912 0.10648148148148158
0 0.24329345658872575 0.5104468599033816 0.14168328197691982 0.1741545893719806
0 0.19604555615974864 0.7353663446054751 0.11497794695184578 0.18043478260869567
0 0.5596036493263248 0.9002818035426732 0.14845024469820556 0.15386473429951703
0 0.33291039816325296 0.9430354267310789 0.13186514410005434 0.0846618357487923
0 0.28655368255694524 0.17143719806763286 0.1511389039937164 0.19198872785829307
0 0.4128753549634463 0.1613929146537842 0.14588242402271764 0.1787037037037037
0 0.5010724427527037 0.102073268921095 0.14842003504319987 0.18208534621578099
0 0.6446438281674823 0.360024154589372 0.1424083136970576 0.17093397745571656
0 0.28948401909250193 0.6295289855072463 0.1433750226572413 0.17640901771336556
0 0.4137212253036071 0.8089774557165861 0.1316536765150142 0.16497584541062807
0 0.5801915292127363 0.2157206119162641 0.1360340764908465 0.20535426731078904
0 0.5225968219442934 0.7442834138486313 0.12346686000845876 0.16348631239935585
0 0.3921515316295088 0.3120772946859903 0.14582200471270612 0.17652979066022542
0 0.5064346565162227 0.29500805152979065 0.1492961150383662 0.18429951690821256
0 0.5253912150323242 0.5656400966183576 0.13944776750649515 0.18164251207729465
0 0.4096882363603408 0.4434581320450886 0.13908525164642616 0.1979066022544284
0 0.39446257023744785 0.542169887278583 0.12092924898797663 0.1601046698872786
0 0.4416047368739049 0.6661030595813204 0.13935713854147794 0.17838164251207728
0 0.3005558576521056 0.42544283413848627 0.14379795782732163 0.19162640901771338
0 0.20483656576641893 0.9194243156199678 0.12355748897347596 0.13743961352656994
0 0.7214367711920731 0.2871175523349436 0.15116911364872226 0.19307568438003214