0 0.8923641975308643 0.17545267489711933 0.14360493827160478 0.18843621399176957
0 0.7940833333333334 0.8743004115226338 0.13948765432098753 0.19246913580246908
0 0.41176851851851853 0.2942798353909465 0.1421358024691358 0.2060493827160494
0 0.7188055555555555 0.7417283950617285 0.1386296296296295 0.19016460905349808
0 0.5376018518518518 0.757201646090535 0.13109259259259262 0.18609053497942366
0 0.2954320987654321 0.3656584362139918 0.14044444444444443 0.20366255144032921
0 0.5685956790123456 0.14514403292181072 0.13947530864197535 0.19135802469135804
0 0.512962962962963 0.45944444444444443 0.13957407407407402 0.20024691358024685
0 0.3373888888888889 0.1184156378600823 0.13583333333333333 0.16325102880658435
0 0.7356913580246913 0.3106995884773663 0.13787037037037028 0.1967489711934157
0 0.6114537037037037 0.34236625514403296 0.14459876543209874 0.20296296296296304
0 0.39175308641975304 0.6315637860082305 0.13191358024691358 0.18506172839506185
0 0.8029537037037038 0.5264609053497942 0.1336172839506173 0.188559670781893
0 0.25007407407407406 0.46851851851851856 0.15238271604938272 0.2292592592592593
0 0.18227469135802468 0.1509259259259259 0.14624074074074073 0.20090534979423866
0 0.9241697530864197 0.4288683127572017 0.13779629629629653 0.19008230452674904
0 0.623753086419753 0.6244444444444445 0.14141358024691347 0.2159670781893005
0 0.0805925925925926 0.32997942386831275 0.14871604938271604 0.1989300411522634
0 0.6742376543209877 0.5482304526748971 0.13110493827160496 0.18720164609053502
0 0.4508703703703704 0.8670987654320987 0.13533333333333342 0.19316872427983525
0 0.10171913580246915 0.7186008230452674 0.1521111111111111 0.20481481481481498
0 0.6441666666666667 0.9336522633744856 0.1386790123456791 0.13269547325102873
0 0.9072592592592593 0.787037037037037 0.1478703703703703 0.19773662551440338