0 0.429645061728395 0.14802057613168726 0.1456481481481482 0.1747242798353909
0 0.2960185185185185 0.18379423868312755 0.1490432098765432 0.17697942386831275
0 0.41086419753086423 0.9123045267489712 0.1321604938271605 0.1690370370370369
0 0.5944444444444444 0.9043786008230452 0.14490740740740743 0.17804938271604948
0 0.26830246913580247 0.5063786008230452 0.14475308641975307 0.1724938271604938
0 0.47990740740740745 0.9371851851851852 0.13574074074074077 0.11797530864197546
0 0.7054166666666667 0.8482674897119341 0.1256481481481482 0.17452674897119322
0 0.8108024691358026 0.6810699588477366 0.1543827160493826 0.1892510288065844
0 0.7465740740740741 0.559448559670782 0.14629629629629637 0.19805761316872425
0 0.8186111111111112 0.37702057613168727 0.13956790123456794 0.1957695473251028
0 0.6690123456790124 0.6930288065843622 0.13123456790123442 0.1656954732510288
0 0.38450617283950617 0.6986172839506173 0.11543209876543206 0.16665020576131687
0 0.645354938271605 0.5015432098765432 0.12858024691358025 0.1601152263374485
0 0.6690586419753087 0.34960082304526746 0.1471913580246913 0.17029629629629628
0 0.523858024691358 0.1037448559670782 0.14925925925925942 0.18475720164609052
0 0.21246913580246915 0.6869794238683128 0.1390432098765432 0.17688065843621392
0 0.3187654320987654 0.6275802469135802 0.14648148148148152 0.17473251028806594
0 0.4538734567901235 0.8101851851851852 0.12783950617283948 0.16344032921810694
0 0.6212654320987654 0.23448559670781893 0.13885802469135797 0.2002057613168724
0 0.5591203703703704 0.7430164609053499 0.12614197530864202 0.16231275720164628
0 0.4113425925925926 0.29935390946502055 0.1490740740740741 0.17809053497942387
0 0.5310493827160494 0.28761316872427983 0.15231481481481485 0.17479012345679015
0 0.5345061728395062 0.42706172839506173 0.12432098765432102 0.1567407407407408
0 0.5565586419753087 0.5607695473251029 0.1449691358024692 0.18027160493827157
0 0.43640432098765436 0.4363662551440329 0.14209876543209873 0.19690534979423874
0 0.4233796296296296 0.537633744855967 0.12354938271604946 0.1589547325102881
0 0.47481481481481486 0.6638271604938272 0.14237654320987644 0.17691358024691353
0 0.3248456790123457 0.42635390946502055 0.1465123456790123 0.17584362139917692
0 0.23915123456790122 0.9273374485596707 0.1305864197530864 0.14236213991769545
0 0.7541049382716049 0.29041152263374487 0.14987654320987645 0.17698765432098765
0 0.6532561728395062 0.09579835390946502 0.13799382716049385 0.16909465020576128
0 0.38638888888888884 0.04789917695473251 0.1468827160493828 0.09579835390946502
0 0.3078703703703704 0.805514403292181 0.13771604938271603 0.15909465020576136
0 0.5214043209876543 0.01831275720164609 0.13447530864197538 0.03662551440329218
0 0.7001697530864197 0.03305349794238683 0.16200617283950616 0.06610699588477366
0 0.770108024691358 0.131320987654321 0.1347222222222221 0.17128395061728396
0 0.25489197530864194 0.053609053497942386 0.15956790123456793 0.1059917695473251
0 0.25839506172839505 0.31475720164609056 0.1406172839506173 0.1735637860082305
0 0.5912654320987654 0.9699835390946502 0.13135802469135796 0.05017283950617285
0 0.7984567901234568 0.8517942386831276 0.15641975308641975 0.20260082304526753
0 0.6972376543209877 0.9589341563786008 0.1492901234567902 0.06590123456790126