0 0.41418152350081033 0.42694805194805197 0.12938951917882222 0.16293891293891294
0 0.6318206374932469 0.49547057880391215 0.13398163155051335 0.1739618406285073
0 0.5286061588330632 0.5492023408690075 0.1261480280929226 0.1627785794452461
0 0.5427066450567262 0.41873096039762703 0.14910858995137763 0.18550585217251883
0 0.5297676931388439 0.6858265191598525 0.15807671528903292 0.18702902036235367
0 0.4304970286331713 0.5270763187429853 0.14927066450567264 0.2049462882796217
0 0.4596974608319827 0.31044572711239377 0.146677471636953 0.18538560205226873
0 0.37160994057266344 0.262365720699054 0.12420313344138302 0.17239858906525574
0 0.30896812533765533 0.3272807439474106 0.1541329011345219 0.18899310565977237
0 0.6731496488384656 0.6513548180214846 0.1560237709346299 0.17829084495751152
0 0.4164235548352242 0.6580888247554915 0.1570502431118314 0.18265993265993272
0 0.4337655321447866 0.8111672278338945 0.15742841707185304 0.19023569023569029
0 0.5230686115613182 0.8755010421677089 0.1580226904376013 0.18594676928010256
0 0.6019448946515397 0.7714446047779381 0.14548892490545648 0.21015712682379353
0 0.7688546731496488 0.544352252685586 0.1676391139924366 0.18426326759660092
0 0.26666666666666666 0.46769280102613436 0.16191247974068076 0.1829004329004329
0 0.5388168557536468 0.243646785313452 0.1289573203673689 0.17047458714125382
0 0.685440302539168 0.1607543690877024 0.13905996758508907 0.1947250280583614
0 0.7303619665045921 0.4371893538560205 0.15678011885467316 0.19344236010902668
0 0.7981361426256077 0.3131513548180215 0.1642895732036737 0.19813211479878154
0 0.6494597514856835 0.3063371813371813 0.1332252836304701 0.17500400833734167
0 0.4287142085359265 0.16748837582170914 0.13895191788222586 0.17636684303350966
0 0.3380605078336034 0.05180776014109347 0.13803349540788756 0.07700016033349368
0 0.5702863317125878 0.09676126342793011 0.15515937331172341 0.14478114478114476
0 0.45983252296056193 0.06214927048260381 0.1352242031334415 0.0854978354978355
0 0.19567801188546732 0.3411095077761745 0.10902215018908701 0.19215969215969214
0 0.23425175580767152 0.21508738175404846 0.14640734737979466 0.1799743466410133