0 0.7274587985114301 0.6155043341213554 0.13973063973063968 0.17655634357762026
0 0.5502835371256424 0.05654058313632782 0.1386673755094808 0.06516942474389284
0 0.6881623250044302 0.803014184397163 0.14274322169059012 0.1979117415287627
0 0.4638135743398902 0.3516548463356974 0.1537834485202906 0.18467297084318363
0 0.41344143186248444 0.21308116627265564 0.1384192805245437 0.1807328605200946
0 0.7893762183235867 0.7188928289992119 0.12087542087542107 0.17986603624901504
0 0.7391547049441787 0.199822695035461 0.14355839092681208 0.18628841607565017
0 0.6159312422470317 0.6142631993695823 0.13232323232323237 0.18467297084318363
0 0.7836877547403863 0.5761229314420805 0.13430799220272904 0.16674546887312858
0 0.5178894205209995 0.7828605200945626 0.14915824915824902 0.17490149724192275
0 0.6253677122098175 0.7187943262411348 0.13375863902179694 0.1942868400315208
0 0.5224791777423357 0.48583530338849484 0.13854332801701225 0.19452324665090623
0 0.568669147616516 0.13483057525610717 0.13173843700159493 0.18782505910165487
0 0.6350256955520113 0.8980496453900709 0.16368952684742158 0.20212765957446807
0 0.4561314903420166 0.7131008668242711 0.14557859294701408 0.19275019700551618
0 0.6672248803827752 0.4748423955870764 0.1506645401382244 0.18557919621749422
0 0.5385433280170122 0.32279353821907014 0.13875598086124402 0.19771473601260836
0 0.5209817472975368 0.598364854215918 0.15245436824384204 0.20051221434200162
0 0.7813574339890129 0.3529353821907013 0.14079390395179858 0.1925137903861309
0 0.5285397838029418 0.9317080378250591 0.15185185185185185 0.1365839243498818
0 0.4383926989190148 0.9121847911741529 0.15094807726386664 0.17563041765169427
0 0.7903685982633352 0.43983451536643026 0.12617402091086297 0.17588652482269496
0 0.4883838383838384 0.1570133963750985 0.11552365762892089 0.1711189913317573
0 0.32633351054403686 0.06148542159180457 0.12835371256423886 0.07738376674546887
0 0.2185096579833422 0.1607565011820331 0.16152755626439835 0.19353821907013397
0 0.2625199362041467 0.33477147360126086 0.1510721247563353 0.2036249014972419
0 0.16019847598794967 0.5015563435776201 0.11479709374446219 0.1721434200157604
0 0.34197235513024987 0.14497635933806147 0.15045188729399253 0.18238770685579198
0 0.384033315612263 0.32423167848699763 0.13712564238880026 0.17324665090622537
0 0.3277777777777778 0.4180457052797478 0.14602161970583022 0.18747044917257677
0 0.2677565124933546 0.5143420015760441 0.15589225589225594 0.1805358550039401
0 0.20756689704058126 0.6671985815602837 0.15617579301789827 0.18479117415287627
0 0.3092592592592593 0.6119188337273443 0.14160907318802057 0.18089046493301802
0 0.1555732766259082 0.8471434200157604 0.1510012404749247 0.20256107171000787
0 0.2522860180754918 0.9170606776989756 0.16096048201311358 0.1658786446020488
0 0.27812333864965444 0.7790189125295509 0.15789473684210525 0.19866036249014987
0 0.3806574517100833 0.8011623325453113 0.15027467659046598 0.2035855003940111
0 0.4170122275385433 0.6337864460204885 0.1389686337054758 0.2009062253743106
0 0.41310473152578414 0.5183215130023641 0.13833067517278047 0.1913317572892041
0 0.6630604288499026 0.33321513002364067 0.1511784511784512 0.18136327817178885
0 0.6109782030834663 0.2623325453112687 0.12546517809675717 0.1652482269503546
0 0.6583820662768031 0.11524822695035462 0.13299663299663303 0.17092198581560286