0 0.37236628849270664 0.14234006734006735 0.1393240890809772 0.1755250921917589
0 0.901074494267363 0.43023889690556355 0.1597935050123057 0.1941157607824274
0 0.2781979710666907 0.12434263267596601 0.13758328831262384 0.17334455667789003
0 0.6160033615463113 0.517428250761584 0.14601716789723276 0.1939794773128106
0 0.7144486463773335 0.5970378387045054 0.1424455249414731 0.1733926567259901
0 0.35804970286331717 0.03752605419272086 0.14451647757968658 0.07505210838544173
0 0.7844858634972087 0.15935545935545936 0.1483882585989555 0.1929212762546096
0 0.42429017347980064 0.28676847843514514 0.14520679512575788 0.16476671476671487
0 0.46539408127738763 0.12249078082411416 0.13410168677591697 0.19818823152156484
0 0.2823398763431178 0.4147266313932981 0.13842367489044957 0.1884960718294052
0 0.3415120955639594 0.2897506814173481 0.15256017768173358 0.16592111592111594
0 0.521369830121856 0.4275052108385442 0.15292034335794466 0.17241462241462244
0 0.7913140044420433 0.3940075356742023 0.14757788582748063 0.1637085137085137
0 0.21060687916441564 0.23317700817700818 0.15952338075514735 0.20384800384800383
0 0.3424875442703644 0.4985008818342152 0.15183984632931144 0.18213884880551548
0 0.5353112431718591 0.24186307519640854 0.14733777537667325 0.18858425525092196
0 0.6461822438321628 0.4186988936988937 0.1553514616723693 0.17243867243867236
0 0.4359205234407827 0.4202380952380952 0.15799267663125044 0.19085297418630745
0 0.6796776517197911 0.09224787558120891 0.14268563539228032 0.1777216610549944
0 0.16485083138243592 0.3791125541125541 0.15012905936730894 0.19510181176847843
0 0.18456990215499128 0.5054713804713804 0.14982892130379977 0.18969055635722315
0 0.5698421273785942 0.12308000641333976 0.13638273605858695 0.18090428090428093
0 0.7655471516897773 0.5008056758056758 0.13428176961402227 0.14302549302549303
0 0.8629119394921664 0.731317139650473 0.15235008103727715 0.17673561006894353
0 0.7323818956720092 0.8651114317780983 0.15304039858334825 0.2037838704505369
0 0.6060837985473317 0.7911856661856662 0.1603037397202713 0.18871252204585545
0 0.46877063449186634 0.9158529741863075 0.13503211477279542 0.14195125861792518
0 0.7577735758448887 0.6993666827000161 0.14415631190347544 0.18963443963443957
0 0.5502130980250917 0.6960117043450376 0.14784801008463885 0.1831810165143497
0 0.4712017528062909 0.7698051948051947 0.14295575964943874 0.19719416386083072
0 0.34873041599135607 0.8386203302869969 0.14619725073533824 0.19722623055956384
0 0.40230506032775076 0.7050464967131634 0.1426856353922805 0.17772166105499446
0 0.20774056065790264 0.8908529741863075 0.15925325649798905 0.18437550104216766
0 0.15206494987694338 0.7556557639890973 0.15952338075514735 0.20384800384800392
0 0.27236028573143645 0.73337341670675 0.15679212437721354 0.19841269841269857
0 0.267197911039078 0.5928090428090427 0.1602437121075695 0.18763027096360438
0 0.3979380515036917 0.5574434824434824 0.15778257998679393 0.1724627224627225
0 0.48418272405306445 0.572274330607664 0.15048922504352003 0.1723905723905725
0 0.6622546371330812 0.2530463363796697 0.14340596674470263 0.19070867404200736
0 0.6999069572003122 0.32622655122655125 0.13019989195029702 0.15704665704665702
0 0.8297616903775736 0.2849206349206349 0.1591632150789363 0.1681497514830849
0 0.6292994777597695 0.6281665864999199 0.13428176961402244 0.17223023889690556