0 0.5459528076463561 0.7970609318996416 0.1498805256869772 0.17758661887694147
0 0.3676224611708483 0.46560334528076464 0.125179211469534 0.15300677021107129
0 0.6893219832735962 0.4904460374352847 0.14408602150537642 0.1601911589008363
0 0.46020011947431305 0.39971724412584625 0.13990442054958188 0.17182795698924727
0 0.45879629629629626 0.6712186379928315 0.14964157706093198 0.17328554360812426
0 0.4687574671445639 0.5281282357626443 0.1220728793309439 0.1550298685782557
0 0.5497610513739546 0.3012266029470331 0.13805256869773003 0.16746316208681802
0 0.5875448028673835 0.41775388291517324 0.11917562724014341 0.14633213859020305
0 0.5647700119474313 0.5162883313420948 0.14160692951015533 0.18798884906411786
0 0.5778524492234169 0.6429111907606531 0.14859617682198317 0.168952608522501
0 0.7791816009557946 0.2272520908004779 0.13649940262843477 0.16847471127041017
0 0.8097072879330943 0.3585503783353246 0.0967741935483871 0.17763440860215057
0 0.5642921146953405 0.044866587017124655 0.13109318996415778 0.08973317403424931
0 0.4554958183990442 0.06751095181202708 0.14223416965352453 0.13502190362405417
0 0.6846475507765831 0.046288331342094785 0.13554360812425315 0.09257666268418957
0 0.5876493428912783 0.1623974512146555 0.12992831541218636 0.1660692951015532
0 0.3620669056152927 0.2759179609717244 0.12709080047789725 0.15844683393070497
0 0.21538231780167263 0.26561927518916767 0.15767622461170844 0.18755077658303465
0 0.31933990442054955 0.6177180406212666 0.14587813620071688 0.16348068498606125
0 0.33612604540023894 0.1272720031859817 0.1281063321385902 0.176726403823178
0 0.47362604540023895 0.22322978892871365 0.12219235364396651 0.15718040621266424
0 0.6432347670250896 0.2626642771804062 0.11164874551971318 0.15569095977698136
0 0.2778673835125448 0.40101951413779374 0.14223416965352453 0.18479490242931104
0 0.3846326164874552 0.7460334528076463 0.12912186379928314 0.1950059737156512
0 0.4520908004778973 0.8570967741935485 0.1497013142174432 0.17436081242532855