0 0.0675571504518873 0.6754846335697399 0.1351143009037746 0.184688731284476
0 0.14355839092681197 0.24620961386918835 0.15284423179160023 0.22330969267139483
0 0.2771132376395534 0.13682427107959025 0.1317029948608896 0.18497241922773838
0 0.13639907850434166 0.7949960598896769 0.13925217083111818 0.22077226162332553
0 0.7226475279106859 0.560614657210402 0.12601453127768927 0.18117415287628066
0 0.33346624136097824 0.3294444444444445 0.15261385787701584 0.19254531126871552
0 0.6875775296827928 0.4207998423955871 0.12496898812688295 0.17364066193853422
0 0.7758107389686337 0.22889282899921198 0.14258373205741623 0.17767533490937748
0 0.6857611199716463 0.09578014184397163 0.14715576820839976 0.19156028368794326
0 0.5833156122629808 0.175618597320725 0.14339890129363803 0.20214342001576047
0 0.5194045720361509 0.12638691883372735 0.14802410065567964 0.221725768321513
0 0.6645401382243487 0.2775571315996848 0.12659932659932654 0.17487785657998434
0 0.6392964735069998 0.6417533490937747 0.12062732589048378 0.16256895193065402
0 0.5261562998405104 0.30531914893617024 0.12348041821726032 0.17665878644602054
0 0.42101718943824207 0.26533884948778563 0.13056884635832006 0.198628841607565
0 0.22890306574517102 0.45104806934594166 0.14267233740917945 0.20418439716312065
0 0.24947722842459683 0.5728289992119778 0.13455608718766615 0.1990622537431049
0 0.5776803118908381 0.7263593380614658 0.1353889774942407 0.2002127659574466
0 0.8477317029948608 0.5146887312844759 0.15108984582668797 0.19449960598896768
0 0.48543328017012227 0.7883254531126871 0.1329257487152224 0.19782505910165482
0 0.8175704412546518 0.3706304176516943 0.14205209994683668 0.20941686367218282
0 0.8482633351054403 0.6656776989755713 0.1422470317207159 0.19141843971631212
0 0.2592326776537303 0.7450748620961387 0.13709020024809493 0.20357762017336503
0 0.6076998050682261 0.8508234830575256 0.13530037214247748 0.1737037037037037
0 0.36056175793017897 0.44627659574468087 0.1356370724791777 0.20765957446808517
0 0.3550416445153287 0.6000433412135541 0.13788764841396423 0.20366430260047272
0 0.45990607832713093 0.44554767533490935 0.1209108630161262 0.17107959022852637
0 0.3481038454722665 0.7963632781717888 0.13354598617756516 0.1925925925925925
0 0.5577263866737551 0.41901497241922775 0.1384015594541911 0.19524034672970852
0 0.4553251816409711 0.5711229314420803 0.1503632819422294 0.19654058313632786
0 0.5253942938153464 0.5905358550039402 0.12247031720715931 0.17018912529550814
0 0.6212475633528265 0.5276477541371158 0.13600921495658347 0.19498029944838455
0 0.42989544568491944 0.7143341213553979 0.1465886939571149 0.20249014972419233
0 0.793886230728336 0.8311150512214343 0.13446748183590293 0.17255319148936174
0 0.38854332801701225 0.15492119779353825 0.13751550593655848 0.21634357762017337
0 0.2383838383838384 0.2857210401891253 0.1302498670919724 0.18905437352245863
0 0.14281410597200073 0.6262923561859732 0.14114832535885166 0.20613869188337292
0 0.7044302675881624 0.7496808510638299 0.12897395002658144 0.19845547675334907
0 0.11243133085238348 0.45310874704491727 0.14797093744462164 0.19628053585500388