0 0.44921875 0.3671875 0.10546875 0.146875
0 0.476171875 0.6463541666666667 0.11328125 0.15104166666666666
0 0.52578125 0.5140625 0.10625 0.14270833333333333
0 0.430078125 0.5317708333333333 0.1203125 0.16979166666666667
0 0.625 0.5161458333333333 0.1203125 0.18125
0 0.519921875 0.3880208333333333 0.134375 0.16666666666666666
0 0.359765625 0.425 0.1203125 0.16666666666666666
0 0.333984375 0.31197916666666664 0.11328125 0.13854166666666667
0 0.3875 0.23177083333333334 0.12265625 0.175
0 0.58515625 0.7 0.1140625 0.17916666666666667
0 0.61640625 0.37083333333333335 0.1171875 0.18020833333333333
0 0.72578125 0.3932291666666667 0.12265625 0.17916666666666667
0 0.76328125 0.5078125 0.11953125 0.18125
0 0.6796875 0.6088541666666667 0.1390625 0.16145833333333334
0 0.49765625 0.8223958333333333 0.1171875 0.19375
0 0.49375 0.178125 0.1171875 0.18645833333333334
0 0.303125 0.5260416666666666 0.11171875 0.14479166666666668
0 0.228125 0.7140625 0.128125 0.15520833333333334
0 0.423828125 0.7723958333333333 0.125 0.178125
0 0.326953125 0.8588541666666667 0.128125 0.1875
0 0.3375 0.6682291666666667 0.1140625 0.15
0 0.259375 0.3848958333333333 0.11484375 0.15729166666666666
0 0.147265625 0.26875 0.11796875 0.16770833333333332
0 0.17578125 0.5666666666666667 0.12578125 0.18229166666666666
0 0.13671875 0.425 0.13515625 0.16354166666666667
0 0.409375 0.07291666666666667 0.1296875 0.14479166666666668
0 0.3140625 0.1359375 0.11640625 0.16666666666666666