0 0.7557672860573884 0.4309415337889142 0.14546201491593988 0.21176917236142756
0 0.4188155732524333 0.42741078208048594 0.1283023637972444 0.176157934700076
0 0.5046612311970674 0.8918375094912679 0.13478068512198213 0.13356112376613513
0 0.4977878902793578 0.23462414578587698 0.1306724813550753 0.1695520121488231
0 0.20016432815067625 0.5928625664388762 0.1446087725951207 0.21169324221716035
0 0.5186133232208318 0.10533409263477601 0.15437365693338403 0.21066818526955203
0 0.8008785235747693 0.20083523158694 0.13468588041966872 0.1914958238420653
0 0.4738813045127038 0.3600227790432802 0.1597459233978005 0.2050873196659073
0 0.4197320187081279 0.8851936218678816 0.15092908608266972 0.16340167046317391
0 0.7374699785109341 0.5689066059225513 0.1399001390468968 0.19536826119969625
0 0.5123404120844394 0.7531131359149582 0.13942611553533055 0.2089597570235384
0 0.26666982682341045 0.6193242217160212 0.14473517886487164 0.185573272589218
0 0.5645620022753128 0.558162490508732 0.1540892428264442 0.21594533029612759
0 0.8486600935406395 0.5953682611996963 0.1417330299582861 0.20007593014426736
0 0.3126027050941727 0.7583902809415338 0.15592213373783342 0.18997722095671976
0 0.9164454556946025 0.6523917995444191 0.13108330173176583 0.18435839028094167
0 0.6707906712172924 0.410668185269552 0.14441916319049414 0.20485952923310555
0 0.729048160788775 0.10554290053151101 0.13724560738212604 0.19172361427486714
0 0.847759448868664 0.7812072892938497 0.1459676399949436 0.22999240698557336
0 0.6980470231323473 0.27190584662110856 0.15772342308178475 0.1935459377372817
0 0.611506130704083 0.829498861047836 0.14015295158639857 0.20447987851176913
0 0.6202439641006193 0.23849658314350794 0.14486158513462272 0.22080485952923312
0 0.8995386171154091 0.2801063022019742 0.16319049424851462 0.2065299924069856
0 0.24184679560106181 0.8544419134396356 0.13278978637340405 0.1845102505694761
0 0.18812413095689545 0.7660592255125284 0.14144861585134627 0.1898253606681851
0 0.07925673113386424 0.5331814730447988 0.13607634938692958 0.18025816249050872
0 0.36910630767286057 0.17904328018223234 0.1445771710276829 0.2105542900531511
0 0.31216028315004424 0.36021260440394837 0.13623435722411828 0.18595292331055427
0 0.1694476046011882 0.4115413819286257 0.15108709391985842 0.1997722095671983
0 0.2563677158387056 0.22372817008352316 0.14957021868284667 0.20645406226271829
0 0.1663664517760081 0.26184510250569476 0.14306029579067123 0.18656036446469249
0 0.3644608772595121 0.5765375854214123 0.14906459360384275 0.1882308276385725
0 0.6288553912274049 0.6183371298405467 0.13866767791682483 0.2123006833712985
0 0.5639931740614335 0.42528473804100225 0.12833396536468208 0.17729688686408512
0 0.4737706990266717 0.5634016704631738 0.12599544937428903 0.18504176157934704
0 0.7069112627986348 0.7653378891419894 0.15585893060295797 0.21837509491268034