0 0.8686932215234101 0.6305186738100784 0.14666317260656891 0.1940600978336826
0 0.7359713487071978 0.7616585138597718 0.16035988819007677 0.2118254522866684
0 0.47340146750524104 0.3972629862566969 0.13183088749126484 0.17099153660998523
0 0.5472921034241789 0.87140305924373 0.14252271139063583 0.1906048606258251
0 0.5478598881900768 0.2338457954810156 0.13298392732354997 0.16482646168180756
0 0.26995981830887494 0.5108082925692988 0.1497204751921732 0.20472862799906827
0 0.5688766596785465 0.11047829800450346 0.16006289308176094 0.21910086186815747
0 0.8283805031446542 0.25699200248466497 0.13909853249475895 0.18616352201257858
0 0.5248602375960867 0.3452519605559438 0.16266596785464704 0.19949530243031294
0 0.4695492662473794 0.8432991691901546 0.15843815513626833 0.2064601288919948
0 0.7661425576519917 0.5859344669617207 0.14402515723270443 0.18968087584439783
0 0.5653127183787561 0.7208750679400575 0.14486373165618446 0.2022594921965993
0 0.330861285814116 0.5470921655408029 0.14739692522711395 0.18160571472940443
0 0.6065251572327044 0.5448054973212205 0.15864779874213833 0.20960478298004512
0 0.6655223619846261 0.6117982762636851 0.14428721174004192 0.20534202966068785
0 0.5227550663871418 0.53298392732355 0.13081761006289316 0.179253047596863
0 0.6073899371069182 0.4214496467117012 0.13190076869322157 0.17203975463933535
0 0.421470999301188 0.5251805264383881 0.15218378756114606 0.18302663250252352
0 0.732730607966457 0.3040647565804799 0.16039482879105532 0.18888888888888894
0 0.7843378756114604 0.4617361596397236 0.15057651991614254 0.2058389626523798
0 0.3737508735150245 0.6806894945259725 0.15861285814115997 0.18562000155291578
0 0.9314989517819707 0.6959352434195202 0.1370020964360585 0.18018479695628534
0 0.7057826694619148 0.4273740197220281 0.14858490566037735 0.19942542122835621
0 0.7627533193570929 0.15574967000543521 0.1414570230607967 0.1863498718844631
0 0.8655048916841369 0.802003261122758 0.1531970649895179 0.22168646634055456
0 0.6471174004192872 0.8039793462225329 0.14458420684835774 0.1980666200791989
0 0.6609800838574423 0.25915443745632427 0.15106568832983927 0.21317648885783053
0 0.9178328092243186 0.34838496777700134 0.16433438155136265 0.20184020498485905
0 0.30588749126484976 0.7592864352822424 0.13703703703703704 0.17870176255920495
0 0.2571453529000699 0.6683011103346533 0.14524807826694622 0.18456401894557012
0 0.15891858839972048 0.43370215078810465 0.13918588399720477 0.175743458343039
0 0.4298480083857442 0.15887103035949995 0.14965059399021668 0.20368040996971817
0 0.37551537386443046 0.31595620778010713 0.14032145352900063 0.18104666511375106
0 0.2433874912648497 0.3374602065377747 0.15524109014675055 0.19369516266790893
0 0.32534067085953877 0.17977327432254056 0.15330188679245282 0.19979812097212518
0 0.24205974842767294 0.198998369438621 0.146680642907058 0.1825918161347931
0 0.4533542976939203 0.7307749048839195 0.14916142557651993 0.19634288376426742