0 0.08881638571687513 0.1522342995169082 0.13683161138299801 0.16910628019323673
0 0.22682617364509694 0.5920772946859904 0.14754395504803336 0.17268115942028975
0 0.5014047489577669 0.278695652173913 0.1464201558818197 0.1878502415458938
0 0.306452782309226 0.7260869565217392 0.13182889251404753 0.16570048309178734
0 0.44168932390792104 0.734987922705314 0.1235635309044772 0.1621980676328502
0 0.6714518760195759 0.3577173913043479 0.13307957223128514 0.17876811594202902
0 0.3658238172920065 0.1332367149758454 0.1221859706362153 0.16975845410628018
0 0.4635671560630777 0.44621980676328504 0.13215515678810957 0.17548309178743962
0 0.6334058365053471 0.10307971014492755 0.13112198658691313 0.16893719806763285
0 0.2441906833423962 0.2917512077294686 0.1304513322457858 0.17326086956521736
0 0.36630415080659773 0.32692028985507243 0.13712162407105308 0.17780193236714975
0 0.49164400942541236 0.5835990338164252 0.139568606126518 0.17787439613526565
0 0.19452601051295995 0.4344444444444444 0.1291825267355447 0.1840821256038648
0 0.7219050208446619 0.4484299516908212 0.14326626789922053 0.1910144927536232
0 0.817926409280406 0.5927173913043478 0.1629508791009607 0.1948550724637681
0 0.053978611564255936 0.3425 0.10795722312851187 0.16429951690821257
0 0.36526191770889976 0.5907367149758453 0.1430125067971723 0.1834057971014493
0 0.8544680079753489 0.42733091787439614 0.15909008519122697 0.201256038647343
0 0.3237719775240167 0.4883212560386474 0.12349102773246327 0.16002415458937191
0 0.5412180532898314 0.7618719806763284 0.1366684792459671 0.1886473429951692
0 0.6138118542686243 0.6416183574879227 0.14439006706543422 0.17584541062801937
0 0.46760920790284577 0.17814009661835747 0.1275512053652347 0.1840338164251208
0 0.12748776508972268 0.5717270531400966 0.14119992749682797 0.17792270531400964