0 0.6073929398148148 0.07145061728395062 0.14458912037037042 0.14290123456790124
0 0.7001157407407408 0.13163580246913578 0.13871527777777787 0.19695216049382716
0 0.1470775462962963 0.4098186728395062 0.1662326388888889 0.20142746913580242
0 0.2189814814814815 0.7002507716049383 0.14728009259259256 0.18283179012345674
0 0.35598958333333336 0.7864583333333334 0.15815972222222224 0.21037808641975317
0 0.7911168981481481 0.05754243827160493 0.1427662037037038 0.11508487654320985
0 0.42795138888888895 0.23441358024691356 0.15607638888888892 0.20092592592592595
0 0.6101128472222223 0.3703317901234568 0.14635416666666662 0.19421296296296298
0 0.5179542824074075 0.33229166666666665 0.1309606481481481 0.16956018518518523
0 0.44777199074074076 0.36847993827160497 0.15969328703703703 0.19591049382716055
0 0.5433015046296296 0.49309413580246914 0.1486979166666668 0.1943287037037037
0 0.44797453703703705 0.49104938271604937 0.1294560185185185 0.17052469135802467
0 0.3500578703703704 0.5145833333333333 0.14620949074074074 0.20563271604938269
0 0.35230034722222225 0.3690393518518518 0.14597800925925916 0.20146604938271603
0 0.6713975694444445 0.4592399691358024 0.13347800925925918 0.17280092592592594
0 0.3187934027777778 0.6355902777777778 0.16180555555555554 0.1918595679012346
0 0.7110821759259259 0.3128858024691358 0.1346643518518519 0.1801311728395061
0 0.5740162037037037 0.18564814814814815 0.1450231481481481 0.19830246913580243
0 0.2453414351851852 0.4221064814814815 0.1466435185185185 0.19942129629629632
0 0.21498842592592596 0.5477430555555556 0.14357638888888893 0.20030864197530865
0 0.4033275462962963 0.6776427469135803 0.14105902777777785 0.19706790123456794
0 0.5078559027777778 0.612229938271605 0.1320891203703704 0.17584876543209874
0 0.6317708333333333 0.25395447530864196 0.12821180555555553 0.16215277777777773
0 0.6437934027777777 0.605516975308642 0.1359375 0.175
0 0.4952546296296296 0.7899691358024691 0.15946180555555572 0.21979166666666666
0 0.5599971064814815 0.7254822530864199 0.15300925925925918 0.20181327160493842
0 0.657566550925926 0.7923418209876544 0.15862268518518513 0.2187114197530865
0 0.7517505787037037 0.625636574074074 0.15089699074074084 0.17781635802469134
0 0.8325810185185185 0.327662037037037 0.16035879629629618 0.19386574074074073
0 0.4853443287037037 0.14795524691358025 0.14334490740740743 0.196141975308642
0 0.7978298611111111 0.47636959876543206 0.15257523148148167 0.20802469135802468
0 0.8384837962962962 0.1793402777777778 0.15164930555555572 0.19135802469135801
0 0.2665653935185185 0.24342206790123455 0.14910300925925926 0.20162037037037037