0 0.6186678101772441 0.6794813119755911 0.1351629502572898 0.1994660564454614
0 0.25323994663617305 0.5897279430460208 0.13743091290261097 0.19038901601830674
0 0.514865637507147 0.7991482329010933 0.13590623213264724 0.19605898804983454
0 0.7287497617686296 0.6413551995931859 0.1371640937678674 0.18237986270022893
0 0.3836192109777015 0.7910373760488177 0.14655993901276923 0.18151538265954736
0 0.46465599390127693 0.4160055936943809 0.15626072041166383 0.18980422069666925
0 0.8042976939203355 0.27677345537757436 0.13190394511149225 0.1787948131197559
0 0.5331427482370878 0.07950673785914061 0.14983800266819144 0.15901347571828123
0 0.15762340384981893 0.7080091533180778 0.12559557842576713 0.16946351385710676
0 0.5000762340384982 0.29150775489448255 0.12774919001334112 0.15695397915077552
0 0.4335906232132647 0.9112890922959573 0.14993329521631407 0.154182557843885
0 0.40211549456832474 0.48015509788965166 0.1254049933295216 0.1637426900584795
0 0.6936535162950257 0.8332824815662344 0.1524299599771298 0.2034070683956268
0 0.16746712407089764 0.2710780574624968 0.14028968934629313 0.1733282481566235
0 0.2588240899561654 0.2420798372743453 0.14604535925290643 0.19178743961352662
0 0.16586620926243567 0.4220061022120519 0.14838955593672576 0.1849987287058225
0 0.31015818562988373 0.3857233663869819 0.13342862588145607 0.17312484108822784
0 0.37302267962645325 0.20897533689295703 0.14109014675052417 0.1973557081108569
0 0.15027634838955595 0.5556318332062039 0.12763483895559366 0.1535214848715992
0 0.9220602248904136 0.5996186117467582 0.12012578616352196 0.18530383930841593
0 0.24765580331618067 0.8087846427663361 0.12995997712978843 0.17187897279430456
0 0.9002287021154944 0.36765827612509533 0.1597293691633315 0.1910500889905924
0 0.6151515151515151 0.3092423086702263 0.13285687059271958 0.15596236969234684
0 0.5852963598246617 0.8839308415967455 0.1364589289117591 0.18693109585558093
0 0.8321898227558605 0.8668954996186118 0.14259576901086335 0.21683193490973793
0 0.7353535353535353 0.17308670226290362 0.13447684391080614 0.1788710907704043
0 0.6670478368591577 0.4745868293923214 0.14089956165427853 0.19163488431222991
0 0.9110920526014865 0.7359649122807018 0.13222793977510972 0.16280193236714963
0 0.8782637697732039 0.49975845410628017 0.1518582046883933 0.1862445969997458
0 0.8392795883361921 0.6797991355199593 0.13903182771107297 0.18700737350622923
0 0.7517438536306461 0.5040808543096873 0.14198589670287792 0.19852529875413166
0 0.699028016009148 0.3376175947114162 0.15502191728606815 0.17833714721586577
0 0.3647798742138365 0.6235697940503433 0.13910806174957122 0.18929570302568002
0 0.5598437202210788 0.47776506483600306 0.1254431103487709 0.1648868548182049
0 0.4701257861635221 0.6118738876175948 0.11164474938059855 0.1621917111619628
0 0.5562226033924147 0.6121789982201882 0.1506384600724223 0.20106788710907705