0 0.27487856709168185 0.8599967582462112 0.14092289010321793 0.18263230407650533
0 0.8633424408014573 0.6976456763108841 0.16244687310261083 0.20224491449874393
0 0.17727686703096537 0.8562687413890914 0.1391621129326047 0.18036307642434543
0 0.5980115361262903 0.5468433422481562 0.1476927747419551 0.20151551989626393
0 0.7129174256223436 0.49053813112894074 0.14408014571949002 0.18060620795850563
0 0.23755312689738917 0.9594780776400034 0.14541590771098967 0.08104384471999333
0 0.6877352762598664 0.9183179350028365 0.15009107468123858 0.1633641299943269
0 0.3577261687917425 0.7296985168976416 0.14687310261080755 0.1720155604181862
0 0.3630085003035822 0.8992321095712781 0.1356405585913783 0.20153578085744386
0 0.24444444444444444 0.5716022368101142 0.14001214329083178 0.19568036307642422
0 0.27591074681238614 0.7081003322797633 0.15431086824529455 0.17347434962314623
0 0.48457802064359445 0.6136437312586109 0.15467516697024894 0.18003890104546572
0 0.7452185792349727 0.7082624199692034 0.14927140255009105 0.17104303428154624
0 0.1339253187613843 0.7339938406678014 0.16135397692774742 0.2120106977875031
0 0.3222222222222222 0.5030391441769998 0.1535822707953856 0.18980468433422473
0 0.45827261687917425 0.7988491774049761 0.14902853673345473 0.1961261042223844
0 0.6066180935033394 0.650944160790988 0.15713418336369156 0.1801604668125454
0 0.3981177899210686 0.6016897641624119 0.15980570734669103 0.198841073020504
0 0.5709623557984215 0.9431680038901046 0.14143897996357022 0.11366399221979094
0 0.12029447480267152 0.5797268822432936 0.15185185185185188 0.20281222141178384
0 0.1667880995749848 0.46024799416484313 0.1515482695810565 0.19734176189318428
0 0.46692471159684273 0.9151876165005268 0.1379477838494232 0.16962476699894632
0 0.7427443837279903 0.5973336575087121 0.13582270795385548 0.14964745927546808
0 0.8897085610200364 0.39286003728016855 0.1540983606557377 0.1843747467379852
0 0.7885245901639344 0.2315220034038415 0.154796599878567 0.21168652240862304
0 0.6472070431086825 0.275002026096118 0.1621432908318154 0.19677445498014426
0 0.5377808136004858 0.12148472323527028 0.1365816636308439 0.14859388929410813
0 0.778354584092289 0.399971634654348 0.1458105646630235 0.19705810843666421
0 0.5716302367941712 0.35574195639841155 0.14954462659380685 0.19069616662614475
0 0.5083940497874925 0.26594537644865873 0.14459623557984214 0.20463570791798366
0 0.4019277474195507 0.17017181295080638 0.1478749241044323 0.2047977956074236
0 0.4260321797207043 0.31343706945457495 0.14432301153612634 0.18498257557338527
0 0.2724954462659381 0.09575330253667234 0.1599271402550091 0.17156981927222628
0 0.18866120218579235 0.20680363076424343 0.16135397692774742 0.21201069778750303
0 0.30344565877352764 0.2563619418105195 0.15859137826350944 0.20641867250182344
0 0.26789617486338796 0.39338682227084854 0.16208257437765636 0.19568036307642434
0 0.39008803885853066 0.45757354728908334 0.15959319975713418 0.18028203257962563
0 0.4789921068609593 0.462517221817003 0.15221615057680632 0.17991733527838563
0 0.5867334547662416 0.8167193451657347 0.14505160898603528 0.19811167841802396
0 0.639936247723133 0.7540724531971796 0.13169398907103813 0.16362752248966703
0 0.7601548269581057 0.8241956398411541 0.16098967820279295 0.1759867088094658
0 0.6351396478445659 0.4406151227814248 0.13582270795385548 0.17910689683118566